0 -3.03401 -6.36858 1.30135 -0.215972 0.182885 -0.619811 0.731945 626 636 639 640 643 644 649 1080 1081 1082 1083 1084 1088 1090 1091 1092 1093 1094 1095 1096 1097 1098 1099 1100 1101 1102 1107 1108 1109 1110 1111 1112 1113 1115 1116 1119 1120 1127 1128 1129 1130 1131 1132 1133 1135 1136 1138 1139 1140 1152 1153 1154 1156 1158 1192 3792 3793 3794 3803
1 -2.95407 -5.80756 1.24899 -0.185662 0.167831 -0.649245 0.718222 640 1081 1082 1083 1084 1085 1090 1091 1092 1093 1094 1095 1097 1099 1107 1108 1109 1110 1111 1112 1113 1114 1115 1116 1118 1127 1128 1129 1130 1131 1133 1138 1139 1140 1145 1146 1152 1153 1154 1155 1156 1157 1162 1167 3891 3895 3897 4055
2 -2.94806 -5.26684 1.24406 -0.178536 0.170645 -0.669547 0.700509 1082 1083 1084 1085 1086 1092 1093 1094 1095 1107 1108 1109 1110 1111 1112 1113 1114 1115 1116 1117 1118 1129 1130 1131 1138 1139 1145 1146 1147 1152 1153 1154 1155 1156 1157 1162 1163 1164 1166 1289 1335 1350 3853 3891 3893 3897 4051 4055 4057
3 -2.98821 -4.79602 1.26779 -0.192991 0.177929 -0.654064 0.709433 1083 1084 1085 1086 1095 1107 1108 1109 1110 1111 1112 1113 1114 1115 1116 1117 1118 1119 1120 1130 1134 1135 1138 1139 1145 1146 1147 1151 1152 1153 1154 1155 1157 1162 1163 1164 1165 1166 1167 1253 1255 1288 1289 1292 1331 1336 1347
4 -2.92277 -4.29033 1.23138 -0.175129 0.161546 -0.6585 0.71387 1084 1085 1086 1108 1110 1111 1112 1113 1114 1115 1116 1117 1118 1138 1139 1145 1146 1147 1151 1154 1155 1162 1163 1164 1165 1166 1167 1253 1254 1255 1256 1288 1289 1290 1291 1292 1294 1331 1332 1335 1345 1347 1349 1397 3893 3895 3897
5 -1.48769 -7.51129 1.10941 -0.118149 0.0463627 -0.362338 0.923365 550 619 620 621 623 625 632 1080 1081 1087 1088 1089 1090 1091 1092 1093 1094 1095 1096 1097 1098 1099 1100 1101 1107 1127 1131 1134 1156 1170 1172 1174 1183 1185 1191 1200 1201 1207 1219 1230 3793 3795
6 -2.24374 -6.92453 1.16438 -0.152315 0.105983 -0.561236 0.806587 594 618 620 625 626 633 634 635 636 639 1080 1081 1082 1083 1087 1088 1089 1090 1091 1092 1093 1094 1095 1096 1097 1098 1099 1100 1101 1107 1108 1109 1127 1129 1130 1131 1133 1152 1170 1172 1180 3792 3793 3794
7 -2.25093 -6.31764 1.1566 -0.135778 0.115776 -0.638421 0.748719 1080 1081 1082 1083 1084 1088 1090 1091 1092 1093 1094 1095 1097 1099 1100 1101 1102 1107 1108 1109 1110 1111 1112 1119 1129 1130 1131 1133 1139 1152 1153 1154 1155 1156 1172 1180
8 -1.52215 -6.92249 1.10171 -0.102198 0.0556652 -0.475076 0.872215 619 623 1081 1082 1087 1088 1089 1090 1091 1092 1093 1094 1095 1096 1097 1099 1100 1101 1102 1104 1107 1109 1127 1129 1131 1133 1170 1172 1174 1175 1180 1183 1185 1190 1191 1200 1201 1205 1207 1217 1221 3793 3795
9 -1.49569 -6.31684 0.586951 -0.0747875 0.05505 -0.590242 0.801867 619 623 1080 1081 1082 1083 1084 1087 1088 1089 1090 1091 1092 1093 1094 1095 1096 1097 1098 1099 1100 1101 1102 1103 1104 1106 1107 1108 1109 1110 1111 1113 1119 1120 1121 1122 1123 1125 1127 1129 1131 1133 1134 1138 1152 1154 1156 1157 1162 1172 1174 1175 1180 1183 1185 1190 1191 1219 1221 1391 3793 3795 3796 3798 3804
10 -0.887253 -7.55043 1.10312 -0.11526 0.0269632 -0.226183 0.966866 550 552 620 622 623 632 1087 1088 1089 1090 1091 1092 1093 1094 1095 1096 1097 1098 1099 1100 1101 1102 1104 1105 1170 1172 1173 1174 1178 1179 1180 1181 1182 1183 1185 1188 1191 1196 1198 1200 1201 1207 1217 1218 1227 3758 3760 3764 3766 3768 3769 3781 3792 3793 3795 3796 3857 3867 3868 3879 3880
11 -0.251605 -7.58599 1.10301 -0.118175 0.00348782 -0.0292943 0.992554 550 552 608 623 632 653 655 657 659 661 1089 1090 1093 1096 1097 1098 1099 1100 1101 1104 1105 1134 1172 1178 1179 1181 1182 1185 1188 1196 1198 1200 1201 1205 3669 3671 3703 3756 3758 3792 3793 3794 3795 3796 3797 3853 3868 3879 3880
12 -0.879568 -6.90327 0.578056 -0.0703729 0.0265725 -0.35225 0.932878 550 552 623 1080 1081 1082 1087 1088 1089 1090 1091 1092 1093 1094 1095 1096 1097 1098 1099 1100 1101 1102 1103 1104 1105 1106 1107 1109 1119 1120 1121 1122 1129 1131 1133 1170 1172 1173 1174 1175 1178 1179 1180 1181 1182 1184 1185 1188 1190 1191 1196 1198 3792 3793 3795 3796 3798 3799 3801 3807 3810 3812
13 -0.907286 -6.3401 0.575249 -0.0597912 0.0338826 -0.491857 0.86796 621 623 1082 1083 1088 1089 1090 1091 1092 1093 1094 1095 1096 1097 1098 1099 1100 1101 1102 1103 1104 1105 1106 1107 1108 1109 1110 1111 1119 1120 1121 1122 1123 1125 1129 1131 1152 1154 1172 1174 1175 1178 1179 1180 1188 1191 3793 3795 3796 3798 3799 3801 3807 3810 3812 3813 3893
14 -0.278232 -6.93075 0.574742 -0.0670093 0.00797365 -0.11789 0.990731 605 623 1087 1088 1089 1090 1091 1092 1093 1094 1096 1097 1098 1099 1100 1101 1102 1103 1104 1105 1106 1109 1111 1119 1120 1121 1131 1172 1173 1174 1179 1185 1188 1190 1191 1392 1401 3669 3671 3792 3793 3794 3795 3796 3797 3798 3799 3801 3804 3807 3808 3812 3814 3820 3839 3841 3867 3868
15 -0.286815 -6.3438 0.566122 -0.0398541 0.00960546 -0.23411 0.971345 1081 1090 1091 1092 1093 1094 1097 1098 1099 1100 1101 1102 1103 1104 1105 1106 1107 1109 1110 1119 1120 1121 1122 1123 1125 1131 1222 1233 1235 1394 1401 3792 3793 3794 3795 3796 3797 3798 3799 3801 3807 3812 3813 3814 3815 3820 3824
16 -2.25096 -5.7806 1.1549 -0.130464 0.11939 -0.664464 0.726094 1081 1082 1083 1084 1085 1091 1092 1093 1094 1095 1099 1100 1102 1103 1107 1108 1109 1110 1111 1112 1113 1115 1116 1119 1120 1129 1130 1133 1152 1153 1154 1155 1156 1157 1162 1172
17 -2.25519 -5.27677 1.15635 -0.130988 0.120831 -0.667182 0.723264 1082 1083 1084 1085 1086 1092 1095 1102 1103 1107 1108 1109 1110 1111 1112 1113 1114 1115 1116 1117 1118 1119 1120 1123 1129 1130 1152 1153 1154 1155 1156 1157 1162 1163 1164 1180
18 -1.50242 -5.79838 0.587259 -0.0732357 0.0579884 -0.618055 0.780565 1080 1081 1082 1083 1084 1085 1088 1090 1091 1092 1093 1094 1095 1097 1100 1102 1103 1104 1106 1107 1108 1109 1110 1111 1112 1113 1114 1115 1119 1120 1121 1122 1123 1124 1125 1126 1129 1131 1133 1134 1152 1154 1156 1157 1162 1163 1164 1172 1180 1183 1217 1221 1223 1333 1393 3793 3795 3796 3797 3798 3812
19 -1.51457 -5.28941 0.589188 -0.0746731 0.0615883 -0.633291 0.767837 1081 1082 1083 1084 1085 1086 1091 1092 1093 1094 1102 1106 1107 1108 1109 1110 1111 1112 1113 1114 1115 1116 1117 1119 1120 1121 1122 1123 1124 1125 1126 1133 1152 1154 1156 1157 1162 1163 1164 1165 1180 1183 1217 1219 1223 1289 1301 1303 1391 3797 3798 3812 3813
20 -2.25707 -4.78924 1.15749 -0.133168 0.120013 -0.658617 0.730813 1083 1084 1085 1086 1107 1108 1110 1111 1112 1113 1114 1115 1116 1117 1118 1119 1120 1123 1124 1152 1153 1154 1155 1157 1162 1163 1164 1165 1255 1289 1292 1293 1347
21 -2.2519 -4.29169 1.15566 -0.132233 0.118492 -0.656748 0.732909 1084 1085 1086 1108 1112 1113 1114 1115 1116 1117 1118 1120 1123 1124 1154 1155 1162 1163 1164 1165 1253 1255 1256 1288 1289 1292 1294 1301 1347 1349
22 -1.52735 -4.78776 0.591648 -0.0774394 0.0647486 -0.638169 0.76325 1082 1083 1084 1085 1086 1092 1107 1108 1109 1111 1112 1113 1114 1115 1116 1117 1118 1119 1120 1121 1122 1123 1124 1125 1126 1134 1154 1156 1157 1162 1163 1164 1165 1180 1183 1217 1219 1221 1253 1255 1288 1289 1292 1301 1303 1304 1349 1391 3812 3813 3816
23 -1.54101 -4.2877 0.594469 -0.0806658 0.0679892 -0.640873 0.760364 1083 1084 1085 1086 1107 1108 1111 1113 1114 1115 1116 1117 1118 1120 1122 1123 1124 1125 1126 1157 1162 1163 1164 1165 1217 1219 1221 1223 1254 1255 1256 1288 1289 1290 1292 1293 1294 1301 1302 1303 1304 1307 3813 3816 3817 3974
24 -0.918213 -5.80662 0.574583 -0.0553154 0.0379626 -0.564578 0.822649 1083 1084 1085 1090 1091 1092 1093 1094 1095 1097 1099 1100 1101 1102 1103 1104 1106 1107 1108 1109 1110 1111 1112 1113 1115 1119 1120 1121 1122 1123 1125 1126 1154 1162 1174 1229 1230 1238 3796 3798 3801 3810 3812 3813 3814 3816 3891 3893 3895
25 -0.923467 -5.29295 0.574654 -0.0540369 0.0400545 -0.59414 0.801545 1084 1085 1086 1091 1092 1093 1094 1102 1103 1105 1106 1107 1108 1109 1110 1111 1112 1113 1114 1115 1116 1117 1119 1120 1121 1122 1123 1124 1125 1126 1162 1163 1200 1201 1229 1230 1237 1303 1403 1404 3798 3812 3813 3814 3816 3817 3853 3893 3895 3897 3974
26 -0.286568 -5.8121 0.564131 -0.0303585 0.0097624 -0.305976 0.951505 1092 1093 1094 1097 1099 1100 1102 1103 1104 1105 1106 1107 1108 1109 1110 1111 1112 1119 1120 1121 1122 1123 1124 1125 1126 1129 1218 1220 1222 1224 1225 1227 1229 1230 1235 1399 1407 3792 3793 3796 3797 3798 3801 3812 3813 3814 3815 3816 3820 3822 3824 3825 3868 3879
27 -0.285954 -5.29792 0.56344 -0.0262714 0.00981011 -0.349683 0.936448 1084 1099 1102 1103 1104 1105 1106 1107 1108 1109 1110 1111 1112 1113 1115 1116 1119 1120 1121 1122 1123 1124 1125 1126 1154 1184 1198 1200 1201 1220 1222 1224 1225 1227 1229 1230 1233 1237 1303 1392 1399 1401 1409 3797 3798 3812 3813 3814 3815 3816 3817 3818 3822 3825 3830 3879
28 -0.927792 -4.79023 0.575116 -0.0545622 0.0412473 -0.601631 0.795841 1085 1086 1092 1103 1107 1108 1109 1111 1112 1113 1114 1115 1116 1117 1118 1119 1120 1121 1122 1123 1124 1125 1126 1200 1201 1229 1230 1237 1238 1255 1289 1292 1301 1303 1304 1404 1411 3812 3813 3814 3815 3816 3817 3891 3895 3897 3974 3975 4051
29 -0.930733 -4.28846 0.575443 -0.0549418 0.0420584 -0.606395 0.792147 1086 1107 1108 1111 1113 1114 1115 1116 1117 1118 1120 1122 1123 1124 1125 1126 1190 1191 1201 1229 1230 1237 1238 1255 1288 1289 1292 1293 1294 1301 1302 1303 1304 1307 1403 1409 1411 1412 1427 1430 1437 3813 3815 3816 3817 3818 3853 3893 3897 3974 3975 3978 4051 4053
30 -0.285678 -4.7927 0.563217 -0.0248104 0.00983611 -0.368413 0.929279 1085 1103 1106 1108 1111 1112 1113 1114 1115 1116 1117 1118 1119 1120 1121 1122 1123 1124 1125 1126 1162 1184 1198 1201 1218 1220 1222 1224 1225 1227 1229 1230 1233 1235 1237 1238 1301 1303 1304 1392 1394 1397 1398 1401 1407 1435 3812 3813 3815 3816 3817 3818 3819 3826 3830 3831 3867 3880 3974
31 -0.28468 -4.29118 0.563123 -0.0242362 0.00966495 -0.370289 0.92855 1086 1113 1114 1115 1116 1117 1118 1120 1121 1122 1123 1124 1125 1126 1163 1182 1188 1191 1196 1218 1220 1222 1224 1225 1227 1229 1230 1233 1235 1237 1238 1292 1293 1301 1302 1303 1304 1307 1392 1394 1395 1396 1399 1403 1407 1409 1427 1428 1437 3813 3816 3817 3818 3819 3828 3831 3868 3911 3974 3975 3976
32 -3.39295 -4.87132 1.72211 -0.179644 0.146297 -0.614285 0.754307 1084 1085 1086 1108 1110 1113 1114 1130 1135 1138 1139 1141 1142 1143 1144 1145 1146 1147 1152 1154 1155 1156 1157 1162 1163 1164 1165 1168 1255 1289 1331 1335 1347 1349 1352
33 -3.3319 -4.33912 1.69077 -0.159136 0.133809 -0.62951 0.748658 1085 1086 1113 1114 1138 1142 1143 1144 1145 1146 1147 1151 1154 1155 1157 1160 1162 1163 1164 1165 1168 1169 1217 1221 1223 1253 1255 1256 1289 1291 1329 1331 1332 1334 1336 1343 1345 1347
34 -3.41348 -3.33009 1.22885 -0.178446 0.155179 -0.637587 0.733185 1086 1114 1116 1144 1146 1147 1162 1163 1253 1254 1255 1256 1257 1258 1259 1260 1279 1288 1289 1290 1291 1295 1296 1297 1298 1309 1310 1329 1330 1331 1332 1333 1334 1335 1336 1337 1338 1339 1340 1341 1343 1345 1347 1348 1354
35 -2.98599 -3.81595 1.2676 -0.195232 0.175286 -0.644668 0.718027 1085 1086 1112 1113 1114 1115 1116 1117 1118 1123 1124 1146 1147 1151 1155 1162 1163 1165 1167 1253 1254 1255 1256 1257 1259 1288 1289 1290 1291 1292 1294 1295 1296 1299 1300 1331 1332 1335 1336 1340 1347 1348 1349 1395 1427
36 -3.00359 -3.32171 1.27842 -0.200722 0.179323 -0.64165 0.718219 1086 1114 1116 1117 1124 1163 1253 1254 1255 1256 1257 1258 1259 1260 1288 1289 1290 1291 1292 1294 1295 1296 1297 1298 1299 1300 1301 1302 1313 1331 1332 1335 1336 1340 1341 1345 1347 1348 1349 1354 1393 1397 1429
37 -3.38396 -2.84637 1.21539 -0.173387 0.146192 -0.627808 0.744595 1151 1163 1166 1167 1253 1254 1255 1256 1257 1258 1259 1260 1277 1279 1280 1288 1289 1290 1291 1295 1296 1297 1298 1309 1310 1311 1312 1330 1331 1332 1334 1336 1337 1338 1339 1340 1341 1342 1343 1345 1348 1351 1354 1355 1362 1366 1367
38 -3.3736 -2.35365 1.21103 -0.171902 0.142945 -0.623191 0.749433 1151 1254 1256 1257 1258 1259 1260 1267 1277 1278 1279 1280 1285 1290 1291 1295 1296 1297 1298 1309 1310 1311 1312 1316 1332 1333 1335 1337 1338 1339 1340 1341 1342 1343 1345 1354 1355 1358 1362 1363 1364 1366 1367 1368 1378
39 -2.99235 -2.82386 1.27186 -0.198061 0.176156 -0.640807 0.720491 1151 1253 1254 1255 1256 1257 1258 1259 1260 1277 1279 1288 1289 1290 1291 1292 1294 1295 1296 1297 1298 1299 1300 1301 1302 1305 1309 1310 1313 1314 1332 1336 1340 1341 1342 1345 1348 1354 1355 1366 1367 1393 1395 1427 1431
40 -2.98377 -2.3265 1.26701 -0.196186 0.173653 -0.639642 0.722643 1254 1256 1257 1258 1259 1260 1277 1278 1279 1280 1290 1291 1294 1295 1296 1297 1298 1299 1300 1302 1305 1309 1310 1311 1312 1313 1314 1319 1335 1340 1341 1342 1345 1354 1355 1366 1367 1368 1369 1378 1393 1395 1397 1429 1433
41 -3.28725 -1.8874 1.17652 -0.156019 0.118909 -0.594387 0.779887 1068 1257 1258 1259 1260 1267 1275 1277 1278 1279 1280 1282 1284 1285 1296 1297 1298 1309 1310 1311 1312 1332 1334 1335 1336 1338 1339 1340 1341 1342 1355 1357 1362 1363 1364 1365 1366 1367 1368 1371 1378 1381 1387
42 -3.17207 -1.43758 1.14191 -0.138228 0.0885287 -0.532011 0.830675 1068 1076 1258 1260 1267 1272 1275 1276 1277 1278 1279 1280 1282 1283 1284 1285 1286 1298 1309 1310 1311 1312 1336 1339 1340 1341 1342 1355 1362 1363 1364 1365 1366 1367 1368 1375 1378 1386 1973
43 -2.9839 -1.81782 1.2665 -0.194951 0.17455 -0.643807 0.719054 1257 1258 1259 1260 1267 1277 1278 1279 1280 1282 1285 1295 1296 1297 1298 1299 1300 1305 1306 1309 1310 1311 1312 1313 1314 1315 1319 1320 1336 1341 1342 1355 1366 1367 1368 1378 1385 1391 1395 1397 1427 1431 2084
44 -2.95473 -1.35308 1.25269 -0.192617 0.16361 -0.626372 0.73742 1258 1260 1275 1277 1278 1279 1280 1282 1283 1284 1285 1298 1300 1306 1309 1310 1311 1312 1313 1314 1315 1317 1319 1320 1321 1342 1366 1367 1368 1375 1378 1386 1397 1427 1429 2011
45 -3.11463 -0.91782 1.12266 -0.121194 0.0764047 -0.527797 0.8372 1267 1272 1274 1275 1276 1277 1278 1279 1280 1282 1283 1284 1285 1286 1287 1310 1311 1312 1315 1341 1364 1366 1368 1375 1378 1385 1958 1973 1975 1976 2053
46 -2.66249 -0.836248 0.628145 -0.117235 0.092794 -0.613657 0.775287 1258 1260 1267 1275 1276 1277 1278 1279 1280 1282 1283 1284 1285 1286 1287 1309 1310 1311 1312 1313 1314 1315 1317 1319 1320 1321 1322 1323 1325 1326 1341 1342 1353 1357 1366 1368 1371 1373 1375 1377 1378 1382 1385 1386 1393 1397 1427 1429 1958 1973 1976 2009 2010 2011 2012 2017 2045
47 -2.02009 -3.77612 0.589826 -0.0739915 0.0640863 -0.651555 0.752259 1084 1085 1086 1108 1113 1114 1115 1117 1118 1123 1124 1125 1126 1139 1145 1146 1147 1152 1154 1162 1163 1164 1165 1183 1191 1201 1219 1221 1229 1230 1253 1254 1255 1256 1257 1259 1260 1288 1289 1290 1291 1292 1293 1294 1295 1299 1301 1302 1303 1305 1306 1331 1332 1340 1341 1347 1348 1349 1354 1357 1360 1381
48 -2.13793 -3.29411 0.618614 -0.104787 0.0905406 -0.647496 0.74938 1085 1086 1113 1114 1117 1124 1126 1155 1162 1163 1165 1217 1253 1254 1255 1256 1257 1258 1259 1260 1279 1288 1289 1290 1291 1292 1294 1295 1296 1297 1299 1300 1301 1302 1303 1304 1305 1306 1307 1308 1313 1321 1323 1332 1340 1341 1343 1347 1348 1349 1353 1354 1355 1366 1381
49 -1.5476 -3.79158 0.596024 -0.0828159 0.0692062 -0.637494 0.762859 1084 1085 1086 1108 1113 1114 1115 1117 1118 1123 1124 1125 1126 1163 1164 1165 1183 1219 1221 1255 1256 1257 1259 1288 1289 1290 1291 1292 1293 1294 1295 1299 1301 1302 1303 1304 1305 1306 1307 1308 1348 1354 1412 1439 3816 3817 3974 3975
50 -1.54223 -3.29645 0.595072 -0.0822933 0.0675143 -0.630666 0.76872 1085 1086 1113 1114 1117 1124 1126 1217 1255 1256 1258 1259 1260 1288 1289 1290 1291 1292 1293 1294 1295 1296 1297 1299 1300 1301 1302 1303 1304 1305 1306 1307 1308 1321 1323 1348 1354 1404 1411 1439 3817 3974 3975 3978
51 -2.15726 -2.80446 0.624677 -0.110985 0.0942398 -0.640364 0.754146 1086 1114 1163 1253 1254 1255 1256 1257 1258 1259 1260 1277 1279 1280 1288 1290 1291 1292 1294 1295 1296 1297 1298 1299 1300 1301 1302 1303 1304 1305 1306 1307 1308 1309 1313 1314 1321 1322 1323 1324 1341 1347 1348 1349 1353 1354 1355 1357 1360 1366 1368 1378 1382
52 -2.13798 -2.30652 0.619195 -0.106654 0.0894229 -0.636236 0.758836 1253 1254 1255 1256 1257 1258 1259 1260 1277 1278 1279 1280 1285 1290 1294 1295 1296 1297 1298 1299 1300 1302 1304 1305 1306 1307 1308 1309 1310 1311 1313 1314 1319 1321 1322 1323 1324 1325 1341 1348 1349 1353 1354 1355 1357 1360 1366 1368 1378 1381 1387
53 -1.53327 -2.79975 0.593339 -0.0806951 0.065123 -0.624637 0.774 1086 1114 1238 1255 1256 1259 1260 1277 1279 1288 1290 1291 1292 1293 1294 1295 1296 1297 1298 1299 1300 1301 1302 1303 1304 1305 1306 1307 1308 1309 1313 1321 1322 1323 1324 1348 1354 1355 1403 1404 1411 1412 1440 3974 3975 3978
54 -1.52086 -2.29843 0.59078 -0.0775691 0.0623128 -0.623164 0.775736 1255 1256 1259 1260 1277 1278 1279 1280 1290 1293 1294 1295 1296 1297 1298 1299 1300 1302 1304 1305 1306 1307 1308 1309 1310 1311 1313 1314 1321 1322 1323 1324 1325 1327 1354 1355 1378 1403 1404 1411 1412 1439 1447 3975 3978 3979
55 -0.93079 -3.78872 0.57546 -0.0549979 0.0420524 -0.605949 0.792485 1108 1113 1114 1115 1117 1118 1123 1124 1125 1126 1191 1200 1229 1230 1237 1238 1255 1256 1288 1289 1290 1291 1292 1293 1294 1299 1301 1302 1303 1304 1305 1307 1308 1395 1396 1397 1398 1403 1404 1409 1412 1429 1432 1435 1439 1443 3816 3817 3818 3819 3891 3895 3974 3975 3978 3979 4051 4053 4055
56 -0.92753 -3.2941 0.575232 -0.0551676 0.0409092 -0.594238 0.801351 1113 1114 1117 1124 1126 1201 1230 1237 1238 1256 1259 1288 1289 1290 1291 1292 1293 1294 1295 1296 1299 1300 1301 1302 1303 1304 1305 1306 1307 1308 1323 1393 1394 1395 1396 1397 1398 1401 1403 1404 1407 1411 1427 1428 1431 1435 1437 1439 1440 1445 3817 3893 3897 3974 3975 3976 3977 3978 3979 3995 4053 4055 4057
57 -0.283552 -3.78886 0.562996 -0.0234244 0.0094817 -0.375087 0.926645 1114 1117 1118 1122 1123 1124 1125 1126 1184 1196 1198 1200 1220 1222 1224 1227 1230 1233 1235 1237 1238 1255 1288 1291 1292 1293 1294 1301 1302 1303 1304 1305 1307 1308 1392 1393 1394 1395 1396 1397 1398 1399 1401 1403 1404 1409 1429 1430 1435 1443 3816 3817 3819 3879 3912 3974 3975 3976 3977 3978 3982
58 -0.281571 -3.29041 0.562985 -0.0235106 0.00906581 -0.359669 0.93274 1124 1125 1126 1198 1201 1218 1222 1224 1225 1233 1235 1237 1238 1256 1290 1291 1292 1293 1294 1296 1299 1301 1302 1303 1304 1305 1306 1307 1308 1323 1392 1393 1394 1395 1396 1397 1398 1399 1401 1403 1404 1407 1411 1427 1428 1431 1432 1435 1437 1445 3817 3880 3921 3974 3975 3976 3977 3978 3979 3980 3984
59 -0.922717 -2.79441 0.574615 -0.0541195 0.0397803 -0.590923 0.803927 1114 1229 1237 1238 1259 1260 1290 1291 1292 1293 1294 1295 1296 1297 1298 1299 1300 1301 1302 1303 1304 1305 1306 1307 1308 1313 1321 1323 1324 1391 1392 1395 1396 1397 1398 1399 1401 1403 1404 1407 1409 1411 1412 1427 1428 1429 1430 1433 1437 1440 1443 1447 2092 3895 3974 3975 3977 3978 3979 3980 3995 3996 4051 4055 4057 4089
60 -0.916643 -2.29264 0.573773 -0.052421 0.0385069 -0.590758 0.804223 1230 1238 1260 1279 1293 1294 1295 1296 1297 1298 1299 1300 1302 1304 1305 1306 1307 1308 1309 1310 1313 1314 1321 1322 1323 1324 1327 1392 1393 1394 1396 1397 1398 1399 1401 1403 1404 1407 1409 1411 1412 1427 1428 1429 1430 1431 1432 1435 1439 1443 1445 1447 1448 2084 2094 3897 3975 3978 3979 3980 3995 3996 3999 4053 4089 4091
61 -0.279651 -2.79087 0.562939 -0.0233242 0.00868462 -0.348832 0.936855 1126 1220 1224 1225 1227 1229 1235 1238 1259 1291 1294 1295 1296 1298 1299 1300 1301 1302 1303 1304 1305 1306 1307 1308 1321 1323 1324 1391 1392 1394 1395 1396 1397 1398 1399 1401 1403 1404 1407 1409 1411 1412 1427 1428 1429 1430 1433 1434 1437 1443 2092 3868 3911 3922 3974 3975 3977 3978 3979 3980 3981 3989 3995 4051 4055
62 -0.27678 -2.28922 0.562787 -0.0224124 0.00815056 -0.341668 0.939518 1222 1227 1230 1233 1260 1296 1297 1298 1299 1300 1302 1303 1304 1305 1306 1307 1308 1310 1313 1321 1322 1323 1324 1327 1392 1393 1394 1396 1397 1398 1399 1401 1403 1404 1407 1409 1411 1412 1427 1428 1429 1430 1431 1432 1435 1439 1443 1445 2084 2085 2094 3879 3912 3975 3978 3979 3980 3981 3990 3995 3996 3997 4053 4057 4071 4091
63 -2.15022 -1.81044 0.622911 -0.110197 0.0920147 -0.634301 0.75964 1254 1256 1257 1258 1259 1260 1277 1278 1279 1280 1282 1284 1285 1295 1297 1298 1299 1300 1305 1306 1307 1308 1309 1310 1311 1312 1313 1314 1315 1319 1320 1321 1322 1323 1324 1325 1326 1327 1328 1353 1354 1355 1357 1360 1366 1368 1375 1378 1381 1382
64 -2.14875 -1.31439 0.622695 -0.110451 0.0913172 -0.630616 0.762748 1257 1258 1259 1260 1277 1278 1279 1280 1282 1283 1284 1285 1286 1297 1300 1306 1308 1309 1310 1311 1312 1313 1314 1315 1316 1317 1319 1320 1321 1322 1323 1324 1325 1326 1327 1328 1352 1355 1360 1368 1375 1378 1381 1382 2011 2017
65 -1.51618 -1.80226 0.590035 -0.077085 0.0609047 -0.616947 0.780849 1237 1256 1259 1260 1278 1279 1280 1282 1285 1295 1297 1298 1299 1300 1305 1306 1307 1308 1309 1310 1311 1312 1313 1314 1315 1319 1321 1322 1323 1324 1325 1326 1327 1328 1355 1378 1404 1411 1412 1439 1440 3978 3979 3995
66 -1.50543 -1.29925 0.587856 -0.0740827 0.058626 -0.617779 0.780656 1238 1259 1260 1279 1280 1282 1284 1285 1297 1298 1300 1306 1308 1309 1310 1311 1312 1313 1314 1315 1316 1317 1319 1320 1321 1322 1323 1324 1325 1326 1327 1328 1378 1411 1412 1439 1440 1447 2017 2019 3979 3995 3996
67 -2.12879 -0.802042 0.616416 -0.103769 0.0876203 -0.639175 0.756974 1258 1260 1277 1278 1279 1280 1282 1283 1284 1285 1286 1287 1309 1311 1312 1313 1314 1315 1316 1317 1318 1319 1320 1321 1322 1323 1324 1325 1326 1327 1328 1353 1357 1375 1378 1382 1973 1976 2009 2011 2012 2017 2018 2019 2045 2086
68 -2.09678 -0.288881 0.607424 -0.094134 0.0811586 -0.647916 0.751503 1277 1278 1279 1280 1282 1283 1284 1285 1286 1287 1311 1314 1315 1316 1317 1318 1319 1320 1322 1324 1325 1326 1327 1328 1357 1973 1975 1976 1977 1978 2009 2010 2011 2012 2017 2018 2019 2020 2021 2045 2047 2086
69 -1.49435 -0.796463 0.585713 -0.0710388 0.0562527 -0.618241 0.780747 1260 1279 1280 1283 1284 1285 1286 1287 1309 1311 1312 1313 1314 1315 1316 1317 1318 1319 1320 1321 1322 1323 1324 1325 1326 1327 1328 1403 1412 1439 1440 1447 1448 2009 2011 2017 2018 2019 2020 2064 3995 3996 3999
70 -1.54033 -0.301367 0.594885 -0.0826169 0.0666541 -0.624362 0.773889 1279 1280 1284 1285 1286 1287 1311 1314 1315 1316 1317 1318 1319 1320 1322 1324 1325 1326 1327 1328 1404 1439 1440 1447 1448 1976 1977 2009 2010 2011 2012 2017 2018 2019 2020 2021 2023 2057 2066 2086 2096 2104 3996 3999 4000 4665
71 -0.91459 -1.79494 0.57361 -0.0523596 0.0378794 -0.584918 0.808514 1224 1233 1237 1279 1280 1297 1298 1299 1300 1305 1306 1307 1308 1309 1310 1311 1312 1313 1314 1319 1321 1322 1323 1324 1325 1327 1328 1391 1394 1395 1396 1401 1403 1404 1407 1409 1411 1412 1427 1428 1429 1430 1431 1432 1433 1434 1435 1437 1439 1440 1445 1448 2086 2092 2096 2100 3978 3979 3981 3995 3996 3997 3999 4000 4051 4055 4091 4093
72 -0.908402 -1.29107 0.572706 -0.0502656 0.0367221 -0.588763 0.805905 1235 1237 1238 1280 1300 1306 1308 1309 1310 1311 1312 1313 1314 1315 1316 1319 1320 1321 1322 1323 1324 1325 1326 1327 1328 1392 1393 1396 1397 1398 1404 1407 1409 1411 1412 1428 1429 1430 1431 1432 1433 1434 1435 1437 1439 1440 1443 1447 2019 2084 2085 2086 2088 2092 2094 2096 2097 2102 3979 3995 3996 3997 3999 4000 4053 4093 4095 4665
73 -0.275538 -1.78971 0.562767 -0.0223541 0.00790489 -0.333297 0.942524 1224 1233 1235 1237 1279 1298 1300 1304 1305 1306 1307 1308 1309 1310 1312 1313 1314 1321 1322 1323 1324 1325 1327 1328 1391 1394 1395 1396 1398 1401 1404 1407 1409 1411 1412 1427 1428 1429 1430 1431 1432 1433 1434 1435 1437 1439 1440 1445 2086 2087 2092 2100 3880 3921 3978 3979 3981 3995 3996 3997 3998 3999 4003 4051 4055 4072 4089 4093
74 -0.274385 -1.28663 0.562623 -0.0213166 0.00772214 -0.340511 0.939967 1235 1238 1280 1306 1307 1308 1310 1311 1312 1313 1314 1316 1319 1321 1322 1323 1324 1325 1326 1327 1328 1392 1393 1396 1397 1398 1399 1407 1409 1411 1412 1428 1429 1430 1431 1432 1433 1434 1435 1437 1439 1440 1443 1447 2019 2084 2085 2088 2089 2092 2094 2102 3922 3979 3995 3996 3997 3998 3999 4000 4001 4004 4053 4057 4081 4091 4095
75 -0.901494 -0.792142 0.571939 -0.048885 0.0350686 -0.581841 0.811074 1311 1312 1313 1314 1315 1316 1317 1318 1319 1320 1321 1322 1323 1324 1325 1326 1327 1328 1394 1395 1398 1399 1403 1409 1411 1412 1427 1428 1430 1431 1432 1433 1434 1435 1437 1439 1440 1443 1445 1447 1448 2011 2017 2019 2020 2084 2085 2086 2087 2088 2090 2094 2097 2100 2104 2132 3995 3996 3998 3999 4000 4055 4095 4665 4787
76 -0.895419 -0.293613 0.571313 -0.0477783 0.0335882 -0.574128 0.81668 1314 1315 1316 1317 1318 1319 1320 1322 1324 1325 1326 1327 1328 1396 1397 1401 1404 1412 1428 1429 1430 1432 1433 1434 1435 1437 1439 1440 1443 1445 1447 1448 1977 2009 2011 2012 2017 2018 2019 2020 2023 2057 2084 2085 2086 2087 2088 2089 2090 2092 2096 2100 2102 2104 2122 2134 3996 3999 4000 4001 4057 4665 4666
77 -0.27301 -0.788435 0.562647 -0.0216087 0.00743563 -0.325293 0.945337 1308 1312 1314 1315 1316 1318 1319 1320 1321 1322 1323 1324 1325 1326 1327 1328 1394 1395 1398 1399 1401 1403 1409 1412 1427 1428 1430 1431 1432 1433 1434 1435 1437 1439 1440 1443 1445 1447 1448 2017 2019 2020 2084 2085 2086 2087 2090 2091 2094 2100 2132 3912 3995 3996 3998 3999 4000 4001 4002 4009 4055 4071 4082 4089 4093 4665 4787
78 -0.271067 -0.290027 0.562652 -0.0217753 0.00704998 -0.307939 0.951131 1316 1317 1318 1319 1320 1322 1324 1325 1326 1327 1328 1396 1397 1401 1404 1407 1428 1429 1430 1432 1433 1434 1435 1437 1439 1440 1443 1445 1447 1448 2011 2017 2018 2019 2020 2021 2023 2057 2084 2085 2086 2087 2088 2089 2092 2096 2100 2102 2122 2123 2134 3921 3996 3999 4000 4001 4002 4010 4057 4072 4091 4095 4109 4110 4665 4666 4667 4673 4789
79 -1.68498 0.949974 1.00175 -0.24636 -0.293591 0.70754 0.593715 916 917 918 1000 1014 1031 1033 1035 1046 1061 1065 1267 1269 1271 1272 1273 1274 1275 1276 1282 1283 1362 1364 1798 1818 1819 1822 1823 1824 1825 1826 1829 1830 1831 1948 1953 1954 1958 1959 1962 1966 1967 1968 1969 1970 1973 1974 1976 1977 1978 1979 1982 1984 1985 1995 1997 2009 2056 2057 2064 2065 2066
80 -2.88966 2.81617 0.714456 -0.153642 0.16589 -0.71467 0.661907 1970 1983 1986 1997 1998 1999 2000 2001 2002 2003 2004 2005 2006 2007 2008 2013 2014 2015 2016 2020 2021 2022 2023 2024 2025 2026 2027 2028 2029 2030 2031 2032 2033 2034 2035 2036 2037 2038 2039 2040 2052 2062 2071 2072 2073 2074 2080 2081 2082 2083 2162 2172 2181 2183 2211 2212 4908
81 -3.07287 3.34153 0.822044 -0.198966 0.217717 -0.705343 0.644596 1997 1998 1999 2000 2001 2003 2004 2005 2006 2007 2008 2014 2016 2021 2022 2023 2024 2025 2026 2027 2028 2029 2030 2031 2032 2033 2034 2035 2036 2037 2038 2039 2040 2072 2074 2080 2081 2082 2083 2161 2162 2169 2172 2173 2181 2182 2183 2184 2210 2211 2212 4666 4667 4668 4669 4670 4671 4672 4681 4682 4683 4684 4685 4686 4687 4688 4690 4693 4694 4908 4909 4910 4911 4912 4916 4919 4920 4923
82 -2.96661 3.84246 0.756197 -0.170706 0.189469 -0.718369 0.64723 1998 2000 2003 2005 2006 2007 2008 2022 2024 2025 2026 2027 2028 2029 2030 2031 2032 2033 2034 2035 2036 2037 2038 2039 2040 2072 2074 2080 2081 2082 2083 2160 2161 2162 2163 2166 2169 2170 2172 2173 2177 2181 2182 2183 2184 2185 2188 2210 2211 2212 4669 4670 4681 4682 4685 4686 4908 4909 4912
83 -2.07454 0.198722 0.602522 -0.0906976 0.0747522 -0.631604 0.766331 1278 1280 1282 1283 1284 1286 1287 1315 1317 1318 1319 1320 1325 1326 1327 1328 1973 1974 1975 1976 1977 1978 1979 1982 1984 2009 2010 2011 2012 2013 2015 2016 2017 2018 2019 2020 2021 2022 2045 2084 2086 2088 2120
84 -2.12081 0.628011 0.61921 -0.113629 0.0804054 -0.572001 0.808355 1283 1286 1317 1318 1320 1326 1328 1433 1969 1973 1974 1975 1976 1977 1978 1979 1982 1983 1984 1985 1986 2009 2010 2011 2012 2013 2014 2015 2016 2017 2018 2019 2020 2021 2022 2023 2027 2033 2034 2084 2086 2088 2090 2121 4000 4665
85 -1.53434 0.17438 0.594941 -0.0852504 0.0633964 -0.593357 0.797898 1285 1287 1315 1317 1318 1319 1320 1325 1326 1327 1328 1411 1440 1447 1448 1976 1977 1978 1979 2009 2010 2011 2012 2013 2015 2017 2018 2019 2020 2021 2022 2023 2024 2056 2057 2064 2084 2086 2088 2096 2097 2120 3999 4000 4665
86 -1.4514 0.697988 0.578926 -0.0620158 0.0458552 -0.592766 0.801673 1287 1317 1318 1320 1326 1328 1409 1412 1428 1429 1432 1433 1434 1435 1443 1445 1447 1448 1976 1977 1978 1979 1982 1984 1985 2009 2010 2011 2012 2013 2014 2015 2016 2017 2018 2019 2020 2021 2022 2023 2024 2033 2035 2056 2057 2065 2066 2086 2087 2088 2089 2090 2091 2092 2094 2096 2097 2100 2104 2121 2122 2123 2128 2131 2132 2134 2142 4000 4665 4666
87 -2.09689 1.23598 0.606732 -0.0906755 0.0836369 -0.672823 0.729446 1283 1318 1973 1974 1975 1976 1978 1979 1982 1983 1984 1985 1986 1987 1999 2001 2009 2010 2011 2012 2013 2014 2015 2016 2017 2018 2019 2020 2021 2022 2023 2024 2025 2027 2033 2034 2035 2036 2051 2052 2071 2084 2088 2090 2120 2126
88 -1.99515 1.68772 0.586607 -0.0738696 0.0552465 -0.596365 0.797396 1433 1440 1973 1975 1978 1982 1983 1984 1985 1986 1987 1997 1998 1999 2000 2001 2002 2003 2010 2012 2013 2014 2015 2016 2018 2020 2021 2022 2023 2024 2025 2026 2027 2028 2031 2033 2034 2037 2086 2090 2096 2097 2121 2127
89 -1.44348 1.19288 0.578011 -0.0611119 0.0436898 -0.579934 0.811193 1318 1430 1431 1434 1435 1437 1439 1445 1448 1977 1978 1979 1982 1983 1984 1985 1986 1987 2009 2010 2011 2012 2013 2014 2015 2016 2017 2018 2019 2020 2021 2022 2023 2024 2025 2027 2033 2034 2035 2036 2056 2057 2064 2075 2084 2085 2088 2089 2090 2091 2092 2094 2096 2097 2100 2102 2104 2105 2120 2122 2123 2124 2125 2126 2130 2134 2140 2225 2235 4666 4669
90 -1.51959 1.74451 0.589287 -0.0710176 0.0660206 -0.677662 0.728953 1388 1433 1440 1448 1978 1984 1985 1986 1987 2001 2002 2003 2010 2012 2013 2014 2015 2016 2018 2020 2021 2022 2023 2024 2025 2026 2027 2028 2033 2034 2035 2036 2039 2057 2065 2066 2077 2080 2086 2090 2096 2097 2104 2105 2121 2127 2136 2137 2144 2145 2240 4666 4669 4670 4681
91 -0.890382 0.210652 0.570602 -0.0458652 0.0327145 -0.57977 0.81283 1317 1318 1319 1320 1325 1326 1327 1328 1397 1398 1404 1407 1411 1427 1430 1431 1432 1434 1437 1439 1440 1443 1445 1447 1448 1977 1979 2009 2010 2011 2012 2015 2017 2018 2019 2020 2021 2023 2024 2056 2064 2084 2085 2086 2087 2088 2089 2090 2091 2092 2094 2096 2097 2102 2105 2120 2124 2132 2136 2140 3999 4000 4002 4665 4666 4669
92 -0.885034 0.703313 0.570328 -0.0460261 0.0310487 -0.558377 0.827727 1320 1326 1328 1409 1412 1428 1429 1432 1433 1434 1440 1443 1445 1447 1448 1979 1985 2009 2010 2011 2012 2013 2015 2016 2017 2018 2019 2020 2021 2022 2023 2024 2035 2056 2057 2086 2087 2088 2089 2090 2091 2092 2094 2096 2097 2100 2104 2121 2122 2123 2128 2132 2134 2136 2142 4000 4665 4666 4667 4668 4669 4670
93 -0.269647 0.212496 0.562523 -0.0208454 0.00680648 -0.310319 0.950379 1318 1320 1324 1325 1326 1327 1328 1398 1407 1409 1411 1427 1430 1431 1432 1434 1437 1440 1443 1445 1447 1448 2009 2011 2012 2017 2018 2019 2020 2021 2022 2023 2024 2056 2064 2084 2085 2086 2087 2088 2089 2090 2091 2092 2094 2096 2097 2102 2120 2124 2125 2132 2140 3922 3999 4000 4002 4081 4089 4093 4110 4665 4666 4667 4668 4669 4673 4674 4787 4789 4792
94 -0.268308 0.707694 0.562667 -0.0220534 0.006514 -0.283201 0.958785 1326 1328 1409 1412 1428 1429 1432 1433 1434 1435 1443 1445 1447 1448 2011 2012 2015 2017 2018 2019 2020 2021 2022 2023 2024 2033 2035 2057 2066 2085 2086 2087 2088 2089 2090 2091 2092 2094 2096 2097 2100 2104 2121 2122 2123 2128 2129 2132 2134 2142 4000 4071 4082 4091 4095 4117 4118 4665 4666 4667 4668 4669 4670 4671 4674 4677 4789 4791 4792
95 -0.879501 1.20408 0.569734 -0.0446503 0.0298468 -0.554928 0.830163 1430 1431 1434 1435 1439 1445 1447 1448 1985 1987 2010 2011 2012 2013 2014 2015 2016 2017 2018 2019 2020 2021 2022 2023 2024 2027 2033 2035 2036 2056 2057 2064 2084 2085 2088 2089 2090 2091 2092 2094 2096 2097 2100 2102 2104 2105 2120 2122 2123 2124 2125 2126 2130 2134 2137 2140 2235 4665 4666 4668 4669 4670 4671 4681 4792
96 -0.87493 1.70773 0.569139 -0.0429379 0.0290281 -0.559317 0.827332 1431 1432 1433 1437 1439 1440 1448 1987 2002 2012 2013 2014 2015 2016 2018 2020 2021 2022 2023 2024 2025 2027 2028 2033 2034 2035 2036 2039 2057 2064 2085 2086 2087 2089 2090 2091 2092 2094 2096 2097 2100 2102 2104 2105 2121 2122 2123 2124 2125 2127 2128 2129 2132 2136 2140 2142 2144 2224 2237 4666 4669 4670 4671 4681 4682
97 -0.266442 1.20796 0.562611 -0.0217294 0.00617078 -0.273111 0.961717 1430 1431 1434 1435 1437 1439 1445 1448 2010 2012 2015 2016 2017 2018 2019 2020 2021 2022 2023 2024 2033 2034 2035 2036 2056 2064 2084 2085 2087 2088 2089 2090 2091 2092 2094 2096 2097 2100 2102 2104 2105 2120 2122 2123 2124 2125 2126 2130 2131 2134 2140 2235 4000 4072 4093 4109 4118 4665 4666 4668 4669 4670 4671 4672 4677 4678 4681 4787 4792 4808 4824
98 -0.264847 1.70963 0.56251 -0.0210242 0.00588828 -0.26963 0.962717 1432 1433 1437 1440 1443 2013 2015 2016 2018 2020 2021 2022 2023 2024 2027 2033 2034 2035 2036 2037 2039 2057 2065 2066 2085 2086 2087 2089 2090 2091 2092 2094 2096 2097 2100 2102 2104 2105 2121 2122 2123 2124 2125 2127 2128 2129 2132 2136 2140 2142 2224 2225 2237 4081 4095 4110 4665 4666 4669 4670 4671 4672 4678 4681 4682 4683 4689 4789 4791 4808 4809 4825
99 -1.99387 2.06382 0.598173 -0.0997236 0.0491879 -0.439616 0.891277 1431 1447 1448 1983 1984 1985 1986 1987 1997 1998 1999 2000 2001 2002 2003 2004 2005 2013 2014 2015 2016 2022 2024 2025 2026 2027 2028 2029 2030 2031 2032 2033 2034 2035 2036 2037 2084 2088 2090 2097 2104 2105 2120 2121 2126 2222 4681
100 -1.9873 2.75553 0.583202 -0.0618992 0.0595182 -0.690547 0.718172 1982 1983 1986 1999 2000 2001 2002 2003 2004 2005 2006 2007 2014 2016 2022 2024 2025 2026 2027 2028 2029 2030 2031 2032 2033 2034 2035 2037 2038 2086 2090 2121 2127
101 -1.43391 2.18915 0.576858 -0.0596321 0.0412698 -0.567582 0.820117 1434 1443 1445 1447 1985 1986 1987 1999 2000 2001 2002 2003 2004 2013 2014 2015 2016 2021 2022 2023 2024 2025 2026 2027 2028 2029 2031 2033 2034 2035 2036 2037 2038 2039 2056 2064 2065 2066 2075 2080 2084 2087 2088 2089 2094 2097 2100 2102 2104 2105 2120 2122 2123 2124 2125 2126 2128 2129 2130 2131 2132 2134 2136 2137 2142 2222 2226 2232 2235 2243 4670 4681
102 -1.41688 2.74497 0.572805 -0.0465771 0.0416999 -0.665718 0.74358 1445 1448 1986 2001 2002 2003 2004 2005 2006 2007 2014 2016 2022 2024 2025 2026 2027 2028 2029 2030 2031 2032 2033 2034 2035 2036 2037 2038 2039 2040 2057 2065 2066 2075 2077 2082 2084 2085 2086 2088 2089 2090 2091 2097 2100 2102 2104 2105 2121 2123 2124 2125 2127 2128 2129 2130 2131 2132 2134 2136 2137 2140 2142 2144 2145 2223 2224 2225 2231 2232 2235 2239 2245 4670
103 -2.01547 3.31263 0.589086 -0.0625024 0.0736789 -0.759008 0.643873 1997 1999 2000 2001 2003 2004 2005 2006 2007 2008 2022 2025 2026 2027 2028 2029 2030 2031 2032 2033 2034 2037 2038 2039 2040 2072 2074 2088 2120 2126 2127 2160 2161 2169 2172 2181 2183 2222
104 -2.05144 3.87728 0.600006 -0.06598 0.0928535 -0.809853 0.575467 1998 2000 2003 2005 2006 2007 2008 2022 2026 2027 2028 2029 2030 2031 2032 2033 2034 2037 2038 2039 2040 2070 2072 2074 2121 2127 2160 2161 2162 2163 2164 2166 2169 2170 2172 2173 2181 2182 2183 2184 2222
105 -1.4268 3.28507 0.574064 -0.0441572 0.0487639 -0.739647 0.669772 2000 2001 2003 2004 2005 2006 2007 2008 2025 2026 2027 2028 2029 2030 2031 2032 2033 2034 2035 2036 2037 2038 2039 2040 2064 2075 2080 2082 2086 2087 2088 2090 2091 2092 2102 2104 2105 2120 2122 2123 2124 2125 2126 2128 2129 2131 2132 2134 2136 2137 2140 2142 2144 2145 2161 2169 2172 2181 2183 2211 2222 2224 2225 2226 2227 2228 2233 2234 2235 2237 2239 2240 2247 2283 2287 4908
106 -1.44982 3.848 0.579442 -0.0445252 0.0643274 -0.819727 0.567386 2000 2005 2006 2007 2008 2026 2028 2029 2030 2031 2032 2033 2034 2035 2036 2037 2038 2039 2040 2066 2072 2077 2082 2087 2088 2094 2102 2121 2122 2123 2124 2125 2127 2128 2129 2130 2131 2132 2140 2142 2144 2145 2161 2162 2164 2169 2170 2171 2172 2173 2181 2182 2183 2184 2211 2222 2223 2226 2227 2232 2235 2237 2239 2240 2243 2247 4686 4908
107 -0.873953 2.21547 0.568765 -0.0412814 0.0292821 -0.577817 0.814596 1433 1434 1440 1443 1447 2002 2004 2014 2015 2016 2021 2022 2023 2024 2025 2026 2027 2028 2031 2033 2034 2035 2036 2037 2039 2040 2064 2084 2087 2088 2089 2091 2094 2096 2097 2100 2102 2104 2105 2120 2122 2123 2124 2125 2126 2128 2129 2130 2131 2132 2134 2136 2137 2142 2145 2222 2226 2227 2235 2243 4669 4670 4672 4681 4682 4685
108 -0.876968 2.73878 0.568457 -0.0380957 0.0317406 -0.639328 0.767334 1445 1447 1448 2004 2006 2014 2016 2022 2024 2025 2026 2027 2028 2029 2030 2031 2032 2033 2034 2035 2036 2037 2038 2039 2040 2085 2086 2089 2090 2091 2097 2100 2102 2104 2105 2121 2123 2124 2125 2127 2128 2129 2130 2131 2132 2134 2136 2137 2140 2142 2144 2223 2224 2225 2231 2232 2235 2237 2239 2240 2245 2248 2287 4670 4672 4681 4682 4685 4686 4908
109 -0.264106 2.21535 0.562291 -0.0192378 0.00579235 -0.288249 0.957345 1434 1443 1447 2016 2021 2022 2023 2024 2027 2028 2033 2034 2035 2036 2037 2038 2039 2040 2064 2065 2075 2087 2088 2089 2091 2094 2097 2100 2102 2104 2105 2120 2122 2123 2124 2125 2126 2128 2129 2130 2131 2132 2134 2136 2137 2142 2222 2226 2227 2235 2243 4117 4669 4670 4672 4681 4682 4683 4684 4685 4689 4690 4787 4791 4792 4809 4816 4824 4830
110 -0.266906 2.73303 0.561868 -0.0148045 0.00657995 -0.406094 0.913688 1445 1448 2022 2023 2024 2026 2027 2028 2031 2033 2034 2035 2036 2037 2038 2039 2040 2066 2075 2077 2085 2089 2090 2091 2097 2100 2102 2104 2105 2121 2123 2124 2125 2127 2128 2129 2130 2131 2132 2134 2136 2137 2140 2142 2144 2183 2223 2224 2225 2231 2232 2235 2237 2245 4118 4670 4681 4682 4683 4684 4685 4686 4687 4690 4789 4809 4825 4831
111 -0.881113 3.2747 0.568655 -0.0344394 0.0365898 -0.727261 0.684519 1448 2004 2006 2025 2026 2027 2028 2029 2030 2031 2032 2033 2034 2035 2036 2037 2038 2039 2040 2086 2087 2088 2090 2091 2092 2096 2102 2104 2105 2120 2122 2123 2124 2125 2126 2128 2129 2130 2131 2132 2134 2137 2140 2142 2144 2145 2169 2172 2181 2183 2222 2224 2225 2226 2227 2228 2233 2234 2235 2237 2239 2240 2247 2283 2287 2288 4681 4682 4685 4686 4792 4908
112 -0.898697 3.82679 0.571759 -0.034208 0.0488824 -0.817848 0.572333 2006 2008 2028 2029 2030 2031 2032 2034 2035 2036 2037 2038 2039 2040 2088 2094 2102 2121 2122 2123 2124 2125 2127 2128 2129 2130 2131 2132 2136 2140 2142 2144 2145 2169 2172 2173 2181 2182 2183 2184 2222 2223 2226 2227 2232 2235 2237 2239 2240 2243 2247 2248 2288 4682 4685 4686 4688 4908 4909 4910
113 -0.271118 3.26131 0.561628 -0.0100406 0.00903031 -0.668648 0.743456 2027 2028 2031 2032 2033 2034 2035 2036 2037 2038 2039 2040 2064 2080 2082 2086 2087 2090 2091 2092 2096 2102 2104 2105 2120 2122 2123 2124 2125 2126 2128 2129 2130 2131 2132 2134 2136 2137 2140 2142 2144 2145 2172 2181 2183 2211 2222 2224 2225 2226 2227 2228 2233 2234 2235 2237 2239 2240 2247 2283 2287 4681 4682 4683 4684 4685 4686 4687 4688 4792 4824 4830 4908 4910 4958
114 -0.281982 3.8028 0.562415 0.00956795 -0.0187927 0.89095 -0.453611 2030 2031 2032 2034 2035 2036 2037 2038 2039 2040 2077 2082 2088 2089 2094 2102 2121 2122 2123 2124 2125 2127 2128 2129 2130 2131 2132 2134 2136 2140 2142 2144 2145 2172 2181 2182 2183 2184 2188 2211 2223 2225 2226 2227 2232 2235 2237 2239 2240 2243 2247 2270 2285 2288 4681 4682 4685 4686 4687 4688 4694 4825 4831 4908 4909 4910 4919 4959
115 -2.79832 4.42536 0.681793 -0.121106 0.159909 -0.78098 0.591467 2000 2005 2006 2007 2008 2026 2027 2028 2029 2030 2031 2032 2033 2034 2037 2038 2040 2072 2074 2080 2081 2082 2083 2160 2161 2162 2163 2164 2165 2166 2167 2169 2170 2172 2173 2174 2175 2176 2177 2181 2182 2183 2184 2185 2188 2210 2211 2212 2215 2216
116 -2.70785 5.01461 0.660922 -0.09455 0.156015 -0.840858 0.509586 2005 2006 2007 2008 2026 2028 2029 2030 2031 2032 2038 2074 2080 2081 2082 2083 2160 2161 2162 2163 2164 2165 2166 2167 2168 2169 2170 2172 2173 2174 2175 2176 2177 2179 2180 2181 2182 2184 2185 2188 2192 2210 2211 2215 2216 2217 2219 2221 2229 4912
117 -2.79723 5.58394 1.2091 0.112172 -0.191722 0.84156 -0.492378 2008 2030 2078 2079 2080 2081 2082 2160 2161 2162 2163 2164 2165 2166 2167 2168 2169 2170 2173 2174 2175 2176 2177 2179 2180 2186 2192 2194 2215 2216 2217 2219 2221 2228 2363
118 -2.07145 4.44668 0.611531 -0.0667934 0.111156 -0.849915 0.510713 2005 2007 2008 2026 2027 2028 2029 2030 2031 2032 2034 2037 2038 2040 2074 2120 2126 2127 2160 2161 2162 2163 2164 2166 2167 2169 2170 2171 2172 2173 2174 2175 2176 2177 2178 2181 2182 2183 2184 2222 4909
119 -2.07166 5.04776 0.627824 0.0634835 -0.134973 0.894782 -0.420853 2007 2026 2028 2029 2030 2031 2032 2037 2038 2127 2160 2161 2162 2163 2164 2165 2166 2167 2169 2170 2171 2172 2173 2174 2175 2176 2177 2178 2179 2180 2181 2182 2183 2184 2185 2188 2192 2194 2215 2216 2217 2219 4909
120 -1.46987 4.42555 0.588913 0.0453758 -0.0849618 0.877981 -0.468906 2007 2008 2028 2029 2030 2031 2032 2033 2034 2037 2038 2039 2040 2080 2089 2090 2094 2120 2124 2125 2126 2127 2128 2130 2131 2132 2134 2142 2145 2161 2162 2164 2169 2170 2171 2172 2173 2174 2175 2176 2177 2178 2181 2182 2183 2184 2185 2211 2222 2223 2224 2225 2226 2227 2231 2232 2235 2237 2239 2243 2247 4686 4908 4909
121 -1.47802 5.04985 0.609152 0.0443414 -0.118565 0.929107 -0.34747 2006 2028 2029 2030 2031 2032 2037 2038 2040 2082 2100 2125 2126 2127 2128 2129 2134 2142 2160 2161 2162 2163 2164 2166 2169 2170 2171 2172 2173 2174 2175 2176 2177 2178 2179 2180 2181 2182 2183 2184 2185 2186 2187 2188 2194 2198 2222 2223 2224 2225 2226 2227 2235 2237 2239 2240 4908 4909 4911
122 -2.04796 5.60775 0.63547 0.0574898 -0.1466 0.919359 -0.360531 2007 2029 2030 2031 2032 2038 2160 2161 2163 2164 2165 2166 2167 2168 2169 2170 2171 2172 2173 2174 2175 2176 2177 2178 2179 2180 2181 2182 2183 2184 2185 2186 2188 2192 2193 2194 2195 2198 2210 2215 2216 2217 2219 2221 2229 2263 2265 2267 2274 2281 2282 2362 2363 4909 4912
123 -2.09393 6.17745 1.16518 0.0658448 -0.174256 0.919072 -0.347283 2164 2165 2166 2167 2168 2170 2173 2174 2175 2176 2177 2178 2179 2180 2185 2186 2187 2190 2192 2193 2194 2195 2198 2215 2216 2219 2221 2229 2263 2265 2268 2273 2274 2279 2280 2281 2282 2293 2294 2363
124 -1.47895 5.61391 0.623335 0.0438724 -0.13721 0.94256 -0.301379 2008 2029 2030 2031 2032 2038 2127 2129 2130 2134 2140 2160 2163 2164 2165 2166 2167 2169 2170 2171 2172 2173 2174 2175 2176 2177 2178 2179 2180 2181 2182 2183 2184 2185 2186 2187 2188 2190 2192 2194 2195 2198 2199 2201 2216 2219 2221 2229 2263 2268 4908 4909 4911 4912 5250 5258
125 -1.47376 6.13267 0.627121 0.0427543 -0.142076 0.946983 -0.284973 2030 2032 2162 2164 2165 2166 2167 2168 2169 2170 2172 2173 2174 2175 2176 2177 2179 2180 2181 2182 2184 2185 2186 2187 2188 2190 2192 2193 2194 2195 2196 2198 2199 2200 2201 2203 2204 2216 2217 2219 2221 2229 2263 2265 2267 2268 2277 4909 4912 4914 4916 5254 5259
126 -0.920268 4.41102 0.580213 0.0353136 -0.0716283 0.894056 -0.44078 2008 2030 2031 2032 2034 2036 2037 2038 2039 2040 2089 2090 2094 2120 2124 2125 2126 2127 2128 2130 2131 2132 2134 2142 2144 2145 2162 2169 2170 2171 2172 2173 2175 2177 2178 2181 2182 2183 2184 2185 2188 2189 2222 2223 2224 2225 2226 2227 2231 2232 2235 2239 2243 2247 2248 4685 4686 4908 4909 4910 4911
127 -0.932989 5.04299 0.600881 0.035672 -0.109519 0.944505 -0.30764 2031 2032 2037 2038 2039 2040 2100 2121 2125 2126 2127 2128 2129 2134 2142 2166 2169 2170 2171 2172 2173 2174 2175 2177 2178 2180 2181 2182 2183 2184 2185 2186 2187 2188 2189 2190 2191 2198 2222 2223 2224 2225 2226 2227 2235 2237 2239 2240 2247 2248 4686 4908 4909 4910 4911 4912 4919
128 -0.304825 4.37975 0.567262 0.0128731 -0.0435295 0.957957 -0.283299 2032 2034 2036 2037 2038 2039 2040 2089 2090 2120 2124 2125 2126 2128 2130 2131 2132 2134 2142 2145 2171 2172 2173 2181 2182 2183 2184 2185 2188 2211 2222 2223 2224 2225 2226 2231 2232 2234 2235 2239 2243 2245 2247 2248 2288 4685 4686 4688 4694 4824 4830 4908 4909 4910 4911 4912 4913 4919 4958 4959 4991
129 -0.343015 5.03558 0.589848 0.0191572 -0.0960329 0.975964 -0.194692 2032 2037 2038 2039 2040 2091 2100 2121 2125 2128 2129 2134 2142 2171 2172 2173 2177 2178 2180 2181 2182 2183 2184 2185 2187 2188 2189 2190 2191 2222 2224 2225 2226 2227 2232 2234 2235 2237 2239 2240 2243 2245 2247 2248 4686 4688 4694 4825 4831 4908 4909 4910 4911 4912 4913 4914 4915 4916 4919 4958 4959
130 -0.934766 5.6107 0.615635 0.0355607 -0.130078 0.955793 -0.261294 2031 2032 2038 2040 2127 2129 2130 2134 2140 2166 2167 2170 2171 2172 2173 2174 2175 2176 2177 2178 2179 2180 2181 2182 2183 2184 2185 2186 2187 2188 2189 2190 2191 2194 2198 2200 2201 2216 2240 2295 2307 4908 4909 4910 4911 4912 4914 4916 4920
131 -0.923378 6.13808 0.620878 0.0333601 -0.137185 0.96195 -0.233923 2032 2166 2167 2168 2170 2172 2173 2174 2175 2176 2177 2178 2179 2180 2181 2182 2183 2184 2185 2186 2187 2188 2189 2190 2191 2192 2194 2195 2198 2199 2200 2201 2202 2203 2216 2263 2265 2267 2268 2287 2288 2295 2296 2307 4909 4911 4912 4914 4916 4917 4923 4930 4934
132 0.284193 -7.58888 1.10364 -0.119084 -0.00252306 0.0210317 0.992658 550 552 608 632 637 638 648 653 655 657 659 661 1096 1097 1098 1099 1104 1105 1173 1180 1183 1185 1188 1190 1196 1198 1200 1201 1205 3669 3671 3703 3735 3748 3756 3758 3760 3766 3792 3793 3794 3795 3796 3797 3799 3800 3803 3804 3807 3839 3857 3879 3880
133 0.919149 -7.5502 1.10239 -0.114471 -0.0258025 0.21837 0.968785 637 638 648 653 655 659 661 1097 1098 1099 1104 1178 1181 1190 1191 1200 1201 1205 3669 3671 3735 3747 3748 3751 3792 3793 3794 3795 3796 3797 3799 3800 3801 3803 3804 3805 3806 3807 3808 3809 3810 3811 3839 3840 3842 3844 3853 3859 3868 3879 3880
134 0.307741 -6.93186 0.574634 -0.0669023 -0.0064738 0.0960974 0.9931 550 552 592 621 638 647 1090 1093 1096 1097 1098 1099 1100 1102 1104 1105 1106 1109 1119 1121 1175 1178 1179 1185 1190 1191 1222 1233 1392 1401 3748 3792 3793 3794 3795 3796 3797 3798 3799 3800 3801 3802 3803 3804 3805 3806 3807 3808 3810 3811 3812 3814 3815 3820 3822 3825 3830 3839 3840 3841 3867 3868
135 0.31256 -6.34429 0.56574 -0.0387175 -0.00736778 0.186796 0.981608 637 1093 1096 1097 1098 1099 1100 1102 1103 1104 1105 1106 1107 1109 1110 1119 1120 1121 1122 1222 1233 1235 1394 1401 3792 3793 3795 3796 3797 3798 3799 3800 3801 3802 3804 3806 3807 3808 3810 3811 3812 3813 3814 3815 3818 3820 3824
136 0.911786 -6.90229 0.577344 -0.0691107 -0.0253926 0.343941 0.9361 592 638 647 1093 1097 1098 1099 1100 1102 1104 1106 1121 1173 1179 1185 1186 1188 3669 3671 3748 3792 3793 3794 3795 3796 3797 3798 3799 3800 3801 3802 3803 3804 3805 3806 3807 3808 3809 3810 3811 3812 3814 3815 3820 3822 3824 3825 3832 3833 3834 3839 3840 3841 3842 3844 3867 3868 3937
137 0.936631 -6.33805 0.574065 -0.0574723 -0.0320195 0.485639 0.87168 637 1091 1093 1097 1099 1100 1102 1104 1106 1121 1122 1219 3746 3748 3792 3793 3794 3795 3796 3797 3798 3799 3800 3801 3802 3803 3804 3806 3807 3808 3809 3810 3811 3812 3813 3814 3815 3816 3818 3820 3821 3822 3824 3825 3834 3835 3840 3841 3844 3868 3937 3944 3946
138 1.52563 -7.51447 1.10995 -0.118957 -0.0462367 0.359318 0.924447 628 1097 1099 1177 1179 1182 1191 1200 3671 3734 3735 3739 3746 3747 3748 3750 3751 3752 3792 3793 3794 3795 3799 3800 3803 3804 3805 3806 3807 3808 3809 3810 3811 3824 3832 3833 3839 3840 3842 3844 3853 3859 3868 3879 3880 3912 3931 3933
139 1.55472 -6.92316 1.10066 -0.101163 -0.054397 0.470458 0.874915 648 1097 1099 1177 1179 1190 1191 3748 3750 3793 3794 3795 3796 3799 3800 3801 3803 3804 3805 3806 3807 3808 3809 3810 3811 3820 3821 3824 3833 3834 3839 3840 3841 3842 3844 3850 3853 3857 3859 3867 3868 3879 3880 3891 3895 3931 3933 3935 3937
140 1.51948 -6.32266 0.584749 -0.0725005 -0.0513137 0.575428 0.813015 1090 1097 1099 1104 1106 1183 1217 1219 1221 1391 3748 3750 3793 3794 3795 3796 3798 3799 3800 3801 3802 3803 3804 3805 3806 3807 3808 3809 3810 3811 3812 3813 3814 3815 3816 3818 3820 3821 3822 3823 3824 3825 3827 3830 3832 3833 3834 3835 3836 3839 3840 3841 3844 3850 3853 3867 3868 3893 3895 3931 3933 3935 3937 3941 3943 3944 3946 3954 3960 4051
141 2.29482 -6.93746 1.17095 -0.15783 -0.10823 0.555088 0.809477 1096 1098 1099 3731 3745 3748 3751 3752 3753 3754 3755 3770 3771 3772 3773 3778 3779 3782 3783 3784 3790 3792 3793 3794 3795 3799 3800 3801 3803 3804 3805 3806 3807 3808 3809 3810 3811 3820 3821 3824 3825 3832 3833 3834 3835 3842 3843 3844 3850 3931 3933 3935 3937 3938 3944
142 2.27549 -6.31737 1.15156 -0.132354 -0.112433 0.637583 0.750552 3753 3771 3772 3778 3793 3795 3799 3800 3801 3804 3806 3807 3808 3809 3810 3811 3820 3821 3822 3823 3824 3825 3827 3832 3833 3834 3835 3836 3842 3844 3850 3933 3935 3937 3938 3941 3944 3945 3946 3947 3961
143 0.3115 -5.81344 0.563762 -0.0290002 -0.00727779 0.243299 0.96949 1098 1099 1102 1103 1104 1105 1106 1108 1110 1111 1112 1119 1120 1121 1122 1125 1191 1200 1218 1220 1222 1224 1225 1227 1235 1396 1399 1407 3793 3795 3796 3797 3798 3799 3801 3802 3807 3808 3811 3812 3813 3814 3815 3816 3817 3818 3819 3820 3822 3824 3825 3834 3911 3912 3937
144 0.310396 -5.29638 0.562928 -0.0237575 -0.00718077 0.289236 0.956936 1099 1105 1106 1108 1110 1111 1112 1113 1115 1116 1119 1120 1121 1122 1123 1125 1126 1184 1191 1198 1200 1201 1220 1222 1224 1225 1227 1233 1392 1399 1401 1409 3797 3798 3801 3802 3812 3813 3814 3815 3816 3817 3818 3819 3820 3822 3824 3825 3826 3830 3835 3879 3880 3911 3912 3921 3944 3974 3976
145 0.945794 -5.80681 0.573276 -0.0529488 -0.0355208 0.555971 0.828753 1091 1102 1104 1106 1119 1121 1122 1125 1198 1219 1221 1227 1399 3793 3795 3796 3797 3798 3799 3800 3801 3802 3804 3807 3808 3809 3810 3811 3812 3813 3814 3815 3816 3817 3818 3820 3821 3822 3823 3824 3825 3826 3830 3835 3836 3837 3840 3946 3954
146 0.952185 -5.29528 0.573533 -0.0522535 -0.0376875 0.583753 0.809371 1106 1119 1120 1121 1122 1125 1126 1183 1221 1223 1225 1227 1233 1303 1401 3797 3798 3801 3802 3807 3808 3810 3811 3812 3813 3814 3815 3816 3817 3818 3819 3820 3821 3822 3823 3824 3825 3826 3827 3828 3830 3831 3836 3837 3838 3954 3955 3974
147 0.309036 -4.79282 0.562749 -0.0225313 -0.00695634 0.294919 0.955231 1112 1113 1114 1115 1116 1117 1118 1120 1121 1122 1123 1124 1125 1126 1184 1190 1198 1200 1201 1218 1220 1222 1224 1225 1227 1229 1233 1235 1303 1392 1394 1401 1407 1435 3802 3812 3813 3814 3815 3816 3817 3818 3819 3822 3825 3826 3828 3830 3831 3836 3880 3911 3912 3921 3922 3946 3974 3975 3976 3977
148 0.307005 -4.29024 0.562598 -0.021499 -0.00659841 0.293335 0.955745 647 1114 1116 1117 1118 1122 1123 1124 1125 1126 1182 1188 1190 1191 1196 1201 1218 1220 1222 1224 1225 1227 1229 1230 1233 1235 1292 1293 1301 1303 1304 1392 1394 1396 1399 1407 1409 1428 1437 3813 3815 3816 3817 3818 3819 3826 3828 3830 3831 3837 3868 3911 3912 3921 3922 3954 3974 3975 3976 3977 3978 3980 3982 4071
149 0.956313 -4.79249 0.573935 -0.0527015 -0.0388242 0.591842 0.803392 1120 1121 1122 1125 1126 1186 1217 1221 1223 1227 1233 1235 1303 1304 1391 1401 1407 3802 3811 3812 3813 3814 3815 3816 3817 3818 3819 3820 3822 3823 3824 3825 3826 3827 3828 3829 3830 3831 3837 3838 3955 3974 3975 3976 3982 3986 4015
150 0.95768 -4.29232 0.574101 -0.0529841 -0.039151 0.592991 0.802509 1122 1123 1125 1126 1183 1188 1219 1223 1233 1235 1303 1304 1307 1391 1393 1399 1407 1409 3813 3815 3816 3817 3818 3819 3822 3824 3825 3826 3827 3828 3829 3830 3831 3838 3974 3975 3976 3977 3978 3982 3983 3984 3985 3986 4015
151 1.5352 -5.79918 0.586281 -0.0720676 -0.0566264 0.615234 0.782999 1099 1104 1106 1121 1181 1217 1219 1221 1223 1393 3795 3796 3798 3799 3801 3802 3804 3806 3807 3808 3809 3810 3811 3812 3813 3814 3815 3816 3817 3818 3819 3820 3821 3822 3823 3824 3825 3826 3827 3829 3830 3831 3832 3833 3834 3835 3836 3837 3844 3850 3853 3891 3895 3897 3933 3935 3937 3941 3943 3944 3946 3952 3954 3955 4053 4146
152 1.55214 -5.28931 0.589037 -0.0744784 -0.0614162 0.633236 0.767915 1105 1106 1121 1122 1183 1219 1221 1223 1391 1395 3798 3801 3807 3808 3809 3810 3811 3812 3813 3814 3815 3816 3817 3818 3819 3820 3821 3822 3823 3824 3825 3826 3827 3828 3829 3830 3831 3833 3834 3835 3836 3837 3838 3850 3853 3891 3893 3897 3935 3941 3943 3944 3946 3952 3953 3954 3955 3974 3976 3986 4051
153 2.27782 -5.77804 1.15063 -0.127284 -0.116832 0.666043 0.725628 1220 3793 3799 3801 3802 3807 3808 3809 3810 3811 3814 3815 3820 3821 3822 3823 3824 3825 3826 3827 3830 3833 3834 3835 3836 3837 3844 3935 3937 3938 3941 3943 3944 3945 3946 3947 3954
154 2.29151 -5.27466 1.15554 -0.130206 -0.120558 0.668615 0.722127 1182 1218 1220 1222 3801 3802 3809 3811 3814 3815 3818 3820 3821 3822 3823 3824 3825 3826 3827 3828 3829 3830 3831 3834 3835 3836 3837 3838 3850 3937 3938 3941 3943 3944 3945 3946 3947 3952 3954 3955
155 1.56348 -4.78976 0.591279 -0.0772237 -0.0640531 0.635197 0.765806 1121 1122 1125 1178 1181 1217 1221 1223 1391 1393 1397 3809 3811 3812 3813 3814 3815 3816 3817 3818 3819 3820 3821 3822 3823 3824 3825 3826 3827 3828 3829 3830 3831 3834 3835 3836 3837 3838 3850 3853 3891 3893 3895 3941 3943 3946 3952 3953 3954 3955 3974 3975 3976 3977 3982 3985 3986 4015 4017 4051 4125
156 1.578 -4.29022 0.594279 -0.0807288 -0.0674467 0.637595 0.763156 1122 1125 1126 1181 1183 1219 1223 1303 1391 1393 1395 1427 3813 3815 3816 3817 3818 3819 3821 3822 3823 3824 3825 3826 3827 3828 3829 3830 3831 3835 3836 3837 3838 3891 3893 3895 3897 3943 3952 3953 3954 3955 3974 3975 3976 3977 3978 3980 3982 3983 3984 3985 3986 3987 4015 4016 4018
157 2.28728 -4.7903 1.15451 -0.131309 -0.117905 0.657622 0.732386 1182 1184 1220 1222 1224 3814 3815 3818 3819 3821 3822 3823 3824 3825 3826 3827 3828 3829 3830 3831 3835 3836 3837 3838 3943 3944 3945 3946 3947 3952 3953 3954 3955 3982 3983 3986 4015 4126
158 2.27924 -4.29114 1.15161 -0.129447 -0.115846 0.656738 0.733838 1184 1218 1222 1224 1392 3815 3818 3819 3823 3825 3826 3827 3828 3829 3830 3831 3836 3837 3838 3946 3947 3952 3953 3954 3955 3976 3982 3984 3985 3986 3988 4015 4016 4017 4125 4126
159 3.04708 -6.35794 1.28453 -0.207562 -0.177201 0.624643 0.731669 1096 1098 1099 3753 3755 3772 3773 3778 3779 3782 3783 3785 3790 3791 3792 3793 3794 3795 3797 3799 3800 3801 3804 3806 3807 3808 3809 3810 3811 3820 3821 3822 3823 3824 3825 3826 3827 3830 3832 3833 3834 3835 3836 3840 3842 3870 3877 3931 3932 3933 3934 3935 3937 3938 3939 3941 3943 3944 3945 3946 3950 3952 3960 3961 3962
160 2.99301 -5.80007 1.24893 -0.18476 -0.168759 0.652955 0.714866 1217 1221 1223 1393 1395 3773 3779 3783 3785 3790 3791 3793 3795 3800 3804 3807 3808 3809 3810 3811 3820 3821 3822 3823 3824 3825 3826 3827 3829 3830 3831 3833 3834 3835 3836 3837 3931 3932 3933 3934 3935 3937 3938 3939 3941 3943 3944 3945 3946 3947 3952 3953 3954 3959 3960 3961 3962 3963 3964
161 2.96987 -5.26771 1.23522 -0.17436 -0.16627 0.669789 0.702378 1183 1217 1219 1221 1223 1391 1395 1397 3807 3808 3809 3811 3820 3821 3822 3823 3824 3825 3826 3827 3828 3829 3830 3831 3834 3835 3836 3837 3838 3933 3934 3935 3937 3938 3941 3943 3944 3945 3946 3947 3952 3953 3954 3955 3958 3960 3961 3963 3964 3965 3986 4130 4144
162 2.97931 -4.80874 1.24193 -0.182424 -0.164327 0.648804 0.720257 1183 1217 1219 1221 1223 1391 1393 3820 3821 3822 3823 3824 3825 3826 3827 3828 3829 3830 3831 3835 3836 3837 3838 3935 3941 3943 3944 3945 3946 3947 3952 3953 3954 3955 3958 3959 3960 3961 3963 3964 3965 3971 3982 3985 3986 4015 4017 4126 4140 4145
163 2.93237 -4.28997 1.21681 -0.167695 -0.154232 0.65914 0.716676 3821 3822 3823 3825 3826 3827 3828 3829 3830 3831 3836 3837 3838 3941 3943 3946 3947 3952 3953 3954 3955 3956 3958 3959 3960 3961 3963 3964 3965 3971 3982 3984 3985 3986 3987 3988 4015 4016 4017 4018 4057 4125 4126 4140 4141 4144 4154
164 3.0713 -3.55196 0.595703 -0.0264851 -0.297325 0.950645 0.0846812 549 550 551 552 1089 1104 3668 3669 3670 3671 3792 3794 3796 3798 3799 3801 3803 3804 3805 3806 3807 3808 3810 3811 3814 3815 3820 3822 3823 3824 3825 3826 3827 3829 3830 3831 3832 3833 3834 3835 3836 3837 3838 3931 3932 3933 3935 3937 3938 3941 3943 3944 3945 3946 3947 3949 3952 3953 3954 3955 3960 3963 3964 3965 3966 3967 3968 3969 3971 3986 4015 4016 4017 4053 4125 4126 4129 4140 4142 4144 4146 4307 4308 4309 4310 4453 4454
165 3.44762 -4.87946 1.73117 -0.185134 -0.149737 0.610772 0.755157 3821 3825 3830 3831 3836 3837 3838 3938 3941 3943 3944 3945 3946 3947 3952 3953 3954 3955 3956 3960 3961 3963 3964 3965 3966 3967 3968 3969 3986 3988 4015 4125 4126 4128 4140 4144
166 3.39525 -4.33348 1.70159 -0.164559 -0.140565 0.634105 0.742342 3825 3830 3831 3837 3838 3897 3943 3945 3946 3947 3952 3953 3954 3955 3956 3957 3960 3963 3964 3965 3967 3968 3969 3971 3986 3988 4015 4016 4017 4126 4127 4140 4141 4142 4145 4147 4156
167 0.304336 -3.78814 0.562456 -0.0205195 -0.00611794 0.285658 0.958093 648 1118 1124 1125 1126 1184 1191 1196 1198 1200 1220 1222 1224 1227 1229 1230 1233 1235 1237 1292 1293 1294 1301 1302 1303 1304 1307 1392 1393 1394 1395 1396 1398 1399 1401 1409 1430 1435 1443 3816 3817 3818 3819 3828 3831 3838 3879 3912 3921 3922 3955 3974 3975 3976 3977 3978 3979 3980 3981 3982 3984 4071 4072
168 0.30346 -3.29081 0.562534 -0.0211933 -0.00593714 0.269691 0.962695 1125 1126 1190 1198 1200 1201 1218 1222 1224 1225 1230 1233 1235 1237 1238 1293 1294 1299 1301 1302 1303 1304 1305 1307 1308 1392 1393 1394 1395 1396 1397 1398 1399 1401 1407 1428 1432 1435 1437 1445 3817 3819 3880 3921 3922 3974 3975 3976 3977 3978 3979 3980 3981 3982 3984 3985 3989 3995 3997 4015 4071 4072 4081
169 0.956154 -3.79103 0.573858 -0.05241 -0.0388902 0.594629 0.801347 1124 1125 1126 1196 1217 1221 1235 1303 1304 1307 1308 1391 1393 1395 1399 1401 1409 1435 3816 3817 3818 3819 3825 3826 3828 3829 3830 3831 3974 3975 3976 3977 3978 3979 3980 3982 3983 3984 3985 3986 3987 3988 3989 4015 4016 4055 4082 4109
170 0.953348 -3.29195 0.573543 -0.0519285 -0.0381806 0.591137 0.803991 1126 1198 1219 1223 1301 1303 1304 1307 1308 1323 1395 1397 1399 1401 1407 1437 3817 3819 3828 3830 3831 3974 3975 3976 3977 3978 3979 3980 3981 3982 3983 3984 3985 3986 3987 3988 3989 3990 3991 3992 3995 4016 4019 4053 4055 4057 4072 4081 4109 4110
171 0.303031 -2.79063 0.562517 -0.0210832 -0.00585939 0.267705 0.963253 1126 1191 1201 1220 1224 1225 1227 1229 1235 1237 1238 1299 1300 1302 1303 1304 1305 1306 1307 1308 1323 1391 1392 1394 1395 1396 1397 1398 1399 1401 1403 1407 1409 1427 1428 1430 1434 1437 1443 2092 3911 3922 3974 3975 3976 3977 3978 3979 3980 3981 3984 3987 3989 3990 3995 3996 3997 3998 4016 4071 4072 4081 4082
172 0.301686 -2.28848 0.562408 -0.0202717 -0.00562603 0.267364 0.963366 1200 1222 1227 1229 1230 1233 1238 1300 1303 1304 1305 1306 1307 1308 1313 1321 1323 1324 1392 1393 1394 1396 1397 1398 1399 1401 1403 1404 1407 1409 1427 1428 1429 1430 1432 1435 1443 1445 2085 2094 3912 3975 3977 3978 3979 3980 3981 3989 3990 3991 3995 3996 3997 3998 3999 4001 4003 4019 4071 4072 4081 4082 4109
173 0.949759 -2.79323 0.573154 -0.0513363 -0.0372693 0.586306 0.807602 1221 1225 1302 1303 1304 1307 1308 1323 1324 1397 1401 1407 1409 1427 1443 3831 3922 3974 3975 3976 3977 3978 3979 3980 3981 3982 3983 3984 3987 3988 3989 3990 3991 3992 3993 3994 3995 3996 3997 4003 4019 4020 4051 4055 4057 4071 4072 4081 4082 4089 4093 4110 4117
174 0.945407 -2.29095 0.572543 -0.049941 -0.0364264 0.588162 0.806377 1223 1304 1305 1307 1308 1323 1324 1327 1407 1427 1429 1435 1445 3975 3977 3978 3979 3980 3981 3983 3984 3989 3990 3991 3992 3993 3994 3995 3996 3997 3998 3999 4003 4004 4005 4006 4020 4029 4053 4057 4071 4072 4081 4082 4089 4091 4095 4109 4117 4118
175 1.58454 -3.7939 0.595815 -0.0828393 -0.0686727 0.634502 0.765395 1125 1126 1183 1217 1221 1303 1304 1391 1393 1395 1397 1429 3816 3817 3818 3819 3823 3825 3826 3827 3828 3829 3830 3831 3836 3837 3838 3853 3893 3895 3952 3953 3955 3974 3975 3976 3977 3978 3979 3980 3981 3982 3983 3984 3985 3986 3987 3988 3989 3991 4015 4016 4019 4021 4082 4109
176 1.57623 -3.29526 0.594108 -0.0810846 -0.066593 0.631167 0.768517 1126 1219 1223 1303 1304 1393 1395 1397 1427 1431 3817 3819 3827 3828 3830 3831 3837 3838 3891 3974 3975 3976 3977 3978 3979 3980 3981 3982 3983 3984 3985 3986 3987 3988 3989 3990 3991 3992 3993 3995 3997 4015 4016 4019 4020 4022 4072 4081 4109 4127
177 2.18607 -3.79742 0.621561 -0.10764 -0.0925939 0.645526 0.750424 3816 3817 3818 3819 3823 3825 3826 3827 3828 3829 3830 3831 3836 3837 3838 3853 3893 3895 3946 3947 3952 3953 3954 3955 3964 3974 3975 3976 3977 3978 3979 3980 3981 3982 3983 3984 3985 3986 3987 3988 3989 3990 3991 3992 3994 4015 4016 4017 4018 4019 4020 4021 4125 4126 4127 4132 4133 4136 4140 4141 4147 4148 4149
178 2.20526 -3.29758 0.627263 -0.112303 -0.097206 0.647197 0.747713 3817 3819 3827 3828 3830 3831 3837 3838 3891 3947 3953 3954 3955 3974 3975 3976 3977 3978 3979 3980 3981 3982 3984 3985 3986 3987 3988 3989 3990 3991 3992 3993 3994 3995 3997 4003 4006 4015 4016 4017 4018 4019 4020 4021 4022 4029 4125 4126 4127 4129 4133 4134 4148 4149 4158 4171
179 1.5681 -2.79796 0.592544 -0.0795891 -0.0644467 0.625992 0.773076 1221 1303 1304 1307 1391 1395 1397 1427 1429 1433 3831 3838 3922 3974 3975 3976 3977 3978 3979 3980 3981 3982 3983 3984 3985 3987 3988 3989 3990 3991 3992 3993 3994 3995 3996 3997 3998 4003 4005 4015 4016 4019 4020 4029 4031 4071 4072 4081 4082 4110 4133 4134
180 1.55527 -2.29685 0.589942 -0.0763933 -0.061519 0.624181 0.775098 1223 1304 1307 1308 1393 1397 1427 1429 1431 2084 3975 3977 3978 3979 3980 3981 3983 3984 3987 3989 3990 3991 3992 3993 3994 3995 3996 3997 3998 3999 4001 4003 4004 4005 4006 4007 4015 4016 4019 4020 4029 4030 4031 4032 4071 4072 4081 4082 4109 4117
181 2.20582 -2.80177 0.627625 -0.113056 -0.0969528 0.643716 0.750632 3831 3838 3955 3974 3975 3976 3977 3978 3979 3980 3981 3982 3984 3985 3986 3987 3988 3989 3990 3991 3992 3993 3994 3995 3996 3997 3998 4003 4004 4005 4006 4008 4015 4016 4017 4018 4019 4020 4021 4022 4029 4030 4031 4125 4126 4127 4129 4132 4133 4134 4136 4149 4159 4160 4167 4171
182 2.18036 -2.30562 0.620299 -0.10749 -0.0904739 0.637567 0.757476 3975 3977 3978 3979 3980 3981 3984 3986 3987 3988 3989 3990 3991 3992 3993 3994 3995 3996 3997 3998 4001 4003 4004 4005 4006 4007 4008 4009 4015 4016 4017 4018 4019 4020 4021 4022 4029 4030 4031 4032 4035 4125 4127 4129 4132 4133 4134 4136 4149 4158 4160 4165 4167 4168 4171 4173
183 0.303302 -1.78931 0.562474 -0.0207252 -0.00591804 0.274509 0.961343 1201 1224 1230 1233 1235 1237 1304 1306 1307 1308 1313 1314 1321 1322 1323 1324 1327 1391 1394 1395 1396 1398 1401 1403 1404 1407 1409 1411 1427 1428 1429 1430 1431 1432 1434 1435 1437 1445 2087 2092 2100 3921 3978 3979 3980 3981 3990 3995 3996 3997 3998 3999 4000 4001 4002 4003 4004 4020 4072 4081 4082 4109 4110
184 0.302204 -1.28633 0.562344 -0.0197014 -0.00573606 0.279484 0.959931 1235 1237 1238 1308 1314 1319 1321 1322 1323 1324 1325 1327 1328 1392 1393 1396 1397 1398 1399 1404 1407 1409 1411 1412 1428 1429 1430 1431 1432 1433 1434 1435 1437 1443 2085 2086 2089 2092 2094 2102 3922 3979 3981 3995 3996 3997 3998 3999 4000 4001 4002 4003 4004 4009 4029 4081 4082 4109 4110 4117 4665 4667
185 0.943521 -1.79087 0.572319 -0.0494984 -0.0359991 0.587072 0.807218 1306 1307 1308 1323 1324 1327 1328 1391 1409 1429 1431 1437 3921 3978 3979 3980 3981 3989 3990 3993 3994 3995 3996 3997 3998 3999 4000 4001 4003 4004 4005 4006 4007 4008 4009 4029 4030 4051 4055 4072 4081 4082 4089 4091 4093 4109 4110 4118 4787 4808
186 0.938898 -1.29094 0.571787 -0.0484585 -0.0349362 0.583768 0.80972 1308 1321 1323 1324 1327 1328 1393 1431 1433 3922 3979 3981 3990 3995 3996 3997 3998 3999 4000 4001 4002 4003 4004 4005 4006 4007 4008 4009 4010 4011 4012 4030 4053 4057 4081 4082 4091 4093 4095 4109 4110 4117 4665 4789 4808 4809
187 0.3006 -0.78832 0.562379 -0.020086 -0.00542795 0.260822 0.965163 1230 1238 1308 1320 1322 1323 1324 1325 1326 1327 1328 1394 1395 1398 1399 1401 1403 1409 1411 1412 1427 1428 1430 1431 1432 1433 1434 1435 1437 1439 1443 1445 2019 2084 2085 2087 2091 2094 2100 2132 3995 3996 3997 3998 3999 4000 4001 4002 4004 4007 4009 4010 4030 4071 4082 4109 4110 4117 4118 4665 4666 4667 4668
188 0.298872 -0.289749 0.562396 -0.0203093 -0.00510619 0.243779 0.969605 1237 1323 1324 1325 1326 1327 1328 1396 1397 1401 1403 1404 1407 1412 1428 1429 1430 1432 1433 1434 1435 1437 1439 1440 1443 1445 2011 2017 2019 2020 2084 2085 2086 2087 2089 2092 2100 2102 2123 2134 3996 3998 3999 4000 4001 4002 4009 4010 4011 4072 4109 4110 4117 4118 4665 4666 4667 4668 4671 4673 4808
189 0.931667 -0.791577 0.571005 -0.0469364 -0.0332434 0.577023 0.8147 1322 1323 1324 1327 1328 1395 2019 3995 3996 3997 3998 3999 4000 4001 4002 4003 4004 4007 4008 4009 4010 4011 4012 4013 4014 4055 4071 4082 4089 4093 4095 4109 4110 4117 4118 4665 4666 4667 4673 4787 4792 4809 4816
190 0.927337 -0.293979 0.570633 -0.0464034 -0.0321085 0.568101 0.821022 1324 1325 1327 1328 2019 2020 3996 3998 3999 4000 4001 4002 4004 4009 4010 4011 4012 4013 4014 4057 4091 4095 4665 4666 4667 4668 4669 4673 4674 4675 4787 4789 4791 4808 4816 4865
191 1.54846 -1.798 0.588684 -0.0749789 -0.0598266 0.620824 0.77806 1307 1308 1323 1391 1395 1427 1429 1431 1433 2086 3921 3978 3979 3980 3981 3989 3990 3991 3992 3993 3994 3995 3996 3997 3998 3999 4000 4001 4002 4003 4004 4005 4006 4007 4008 4009 4011 4016 4019 4020 4029 4030 4032 4035 4038 4072 4081 4082 4109 4110 4118
192 1.53714 -1.29775 0.586572 -0.0722907 -0.0571947 0.617825 0.780894 1308 1323 1324 1393 1397 1429 1431 1433 2084 2088 3922 3979 3981 3990 3993 3994 3995 3996 3997 3998 3999 4000 4001 4002 4003 4004 4005 4006 4007 4008 4009 4010 4011 4012 4013 4019 4020 4029 4030 4034 4035 4038 4081 4082 4109 4110 4117 4665 4667
193 2.18396 -1.80992 0.621552 -0.109013 -0.090958 0.634167 0.760049 3978 3979 3980 3981 3988 3989 3990 3991 3992 3993 3994 3995 3996 3997 3998 3999 4001 4002 4003 4004 4005 4006 4007 4008 4009 4010 4011 4016 4018 4019 4020 4021 4022 4029 4030 4031 4032 4034 4035 4038 4129 4132 4133 4134 4136 4158 4159 4160 4162 4171 4173 4180
194 2.18026 -1.31292 0.620652 -0.108588 -0.0898111 0.630979 0.762895 3979 3981 3990 3992 3993 3994 3995 3996 3997 3998 3999 4000 4001 4002 4003 4004 4005 4006 4007 4008 4009 4010 4011 4012 4013 4019 4020 4021 4022 4029 4030 4031 4032 4034 4035 4036 4038 4039 4128 4134 4136 4158 4159 4160 4162 4173 4180 4667 4673
195 1.52829 -0.797498 0.584979 -0.0701804 -0.055143 0.615364 0.783174 1323 1324 1327 1395 1427 1431 1433 2084 2086 2090 3995 3996 3997 3998 3999 4000 4001 4002 4003 4004 4005 4007 4008 4009 4010 4011 4012 4013 4014 4020 4029 4030 4034 4035 4036 4037 4039 4071 4082 4109 4110 4117 4118 4665 4666 4667 4668 4673 4675
196 1.58586 -0.291244 0.595995 -0.0827465 -0.0692178 0.637874 0.762547 1324 1327 1328 1395 1397 1429 1433 2019 2084 2086 2088 2122 3996 3998 3999 4000 4001 4002 4004 4007 4009 4010 4011 4012 4013 4014 4029 4030 4034 4035 4036 4037 4072 4109 4110 4117 4118 4665 4666 4667 4668 4669 4671 4673 4674 4675 4676 4723 4724 4789 4791 4808 4816 4817
197 2.16049 -0.804713 0.614732 -0.102583 -0.0857947 0.635785 0.760193 3994 3995 3996 3997 3998 3999 4000 4001 4002 4003 4004 4005 4006 4007 4008 4009 4010 4011 4012 4013 4014 4020 4022 4029 4030 4031 4032 4034 4035 4036 4037 4038 4039 4129 4132 4159 4160 4162 4180 4665 4667 4668 4673 4674 4675 4723 4727 4880
198 2.137 -0.273729 0.607412 -0.092427 -0.0830729 0.663288 0.737974 1430 2087 2123 3996 3998 3999 4000 4001 4002 4004 4006 4007 4009 4010 4011 4012 4013 4014 4029 4030 4031 4032 4034 4035 4036 4037 4038 4039 4132 4665 4666 4667 4668 4669 4671 4673 4674 4675 4676 4723 4724 4725 4727 4729 4789 4791 4880
199 2.95883 -3.81215 1.2313 -0.177616 -0.15872 0.64715 0.724195 1184 3826 3827 3828 3829 3830 3831 3837 3838 3943 3947 3952 3953 3954 3955 3959 3964 3965 3971 3982 3984 3985 3986 3987 3988 3989 3991 3992 4015 4016 4017 4018 4019 4021 4055 4089 4125 4126 4127 4140 4141 4144 4145 4148
200 3.00015 -3.31339 1.25363 -0.188519 -0.169247 0.646253 0.719842 3819 3827 3828 3831 3838 3952 3955 3964 3982 3984 3985 3986 3987 3988 3989 3990 3991 3992 3993 3994 4015 4016 4017 4018 4019 4020 4021 4022 4053 4057 4091 4125 4126 4127 4133 4140 4141 4144 4145 4148 4149 4150 4154
201 3.51722 -3.82196 1.26387 -0.194237 -0.172828 0.641876 0.721386 1134 3823 3826 3827 3828 3829 3830 3831 3837 3838 3943 3946 3947 3949 3952 3953 3954 3955 3963 3964 3965 3967 3968 3969 3971 3985 3986 3987 3988 3991 3992 3993 3994 4015 4016 4017 4018 4019 4020 4021 4126 4127 4133 4134 4140 4141 4142 4143 4144 4145 4146 4147 4148 4151
202 3.51983 -3.33675 1.26646 -0.197116 -0.172065 0.634704 0.727111 3827 3828 3829 3831 3838 3949 3952 3954 3955 3964 3965 3969 3982 3985 3986 3987 3988 3991 3992 3993 3994 4005 4006 4015 4016 4017 4018 4019 4020 4021 4022 4029 4126 4127 4133 4134 4140 4141 4142 4143 4144 4145 4146 4147 4148 4149 4151 4152 4154 4156
203 3.04684 -2.81802 1.28114 -0.20149 -0.180987 0.643266 0.716139 3971 3976 3977 3980 3982 3984 3985 3986 3987 3988 3989 3990 3991 3992 3993 3994 4003 4004 4005 4006 4015 4016 4017 4018 4019 4020 4021 4022 4029 4031 4053 4055 4126 4127 4133 4134 4141 4145 4148 4149 4150 4154 4171
204 3.06072 -2.32373 1.29007 -0.206021 -0.18408 0.640348 0.716676 3977 3980 3981 3984 3987 3988 3989 3990 3991 3992 3993 3994 3997 4003 4004 4005 4006 4007 4008 4009 4016 4018 4019 4020 4021 4022 4029 4030 4031 4032 4040 4053 4127 4133 4134 4144 4149 4150 4154 4160 4171
205 3.45081 -2.84597 1.22957 -0.180604 -0.153447 0.62904 0.740368 3955 3971 3985 3986 3987 3988 3991 3992 3993 3994 4005 4006 4007 4008 4015 4016 4017 4018 4019 4020 4021 4022 4029 4030 4031 4040 4126 4127 4133 4134 4140 4141 4143 4145 4147 4148 4149 4150 4151 4152 4153 4154 4156 4171 4175 4176
206 3.42316 -2.35288 1.21637 -0.174626 -0.145834 0.624184 0.747417 1393 1431 1433 3959 3971 3987 3988 3991 3992 3993 3994 4005 4006 4007 4008 4011 4012 4016 4018 4019 4020 4021 4022 4029 4030 4031 4032 4035 4040 4041 4126 4127 4130 4133 4134 4138 4141 4144 4146 4148 4149 4150 4151 4152 4153 4154 4156 4160 4165 4171 4175 4176 4177
207 3.05226 -1.80187 1.2835 -0.200628 -0.184089 0.650537 0.708986 3980 3981 3989 3990 3991 3992 3993 3994 3997 3998 4003 4004 4005 4006 4007 4008 4009 4011 4019 4020 4021 4022 4029 4030 4031 4032 4035 4038 4041 4055 4089 4133 4134 4145 4149 4150 4160 4167 4168 4171 4173
208 3.01765 -1.35739 1.267 -0.199711 -0.169575 0.624644 0.735649 3981 3990 3994 3997 4003 4004 4005 4006 4007 4008 4009 4010 4011 4013 4020 4022 4029 4030 4031 4032 4034 4035 4037 4038 4039 4045 4057 4089 4091 4160 4162 4168 4173 4180 4673
209 3.34037 -1.88227 1.182 -0.158757 -0.122895 0.599665 0.774658 3992 3993 3994 4005 4006 4007 4008 4019 4020 4021 4022 4029 4030 4031 4032 4034 4035 4038 4040 4041 4045 4127 4132 4133 4134 4141 4144 4145 4147 4148 4149 4150 4152 4153 4158 4160 4165 4171 4173 4175 4176 4177 4178 4183
210 3.22385 -1.4285 1.14489 -0.139473 -0.0921112 0.543335 0.822709 3994 4005 4006 4007 4008 4020 4022 4029 4030 4031 4032 4034 4035 4036 4037 4038 4039 4040 4041 4045 4046 4048 4133 4134 4145 4148 4149 4153 4154 4160 4162 4168 4171 4173 4175 4176 4177 4178 4180 4496 4727
211 2.70505 -0.83312 0.629207 -0.117739 -0.0940562 0.617022 0.772382 3994 3995 3997 3998 4001 4002 4003 4004 4005 4006 4007 4008 4009 4010 4011 4013 4020 4022 4029 4030 4031 4032 4034 4035 4036 4037 4038 4039 4040 4041 4045 4046 4053 4057 4089 4129 4132 4149 4159 4160 4162 4167 4168 4171 4173 4180 4182 4185 4667 4673 4674 4675 4676 4723 4727 4746 4880
212 3.16335 -0.91778 1.12546 -0.123518 -0.0787686 0.531882 0.834051 4006 4007 4008 4011 4029 4030 4031 4032 4034 4035 4036 4037 4038 4039 4040 4041 4045 4046 4048 4149 4160 4162 4167 4171 4173 4177 4180 4723 4724 4727 4729 4746 4866
213 0.297157 0.213268 0.562255 -0.0191907 -0.0048104 0.243093 0.969801 1238 1324 1326 1327 1328 1398 1404 1407 1409 1411 1427 1430 1431 1432 1434 1437 1439 1440 1443 1445 1447 2012 2017 2018 2019 2020 2023 2084 2085 2086 2087 2088 2089 2091 2092 2094 2102 2125 2132 2140 3999 4000 4001 4002 4010 4013 4081 4110 4117 4118 4665 4666 4667 4668 4669 4671 4672 4673 4674 4808 4809
214 0.296596 0.70699 0.562477 -0.0210582 -0.00468444 0.217093 0.975912 1327 1328 1403 1409 1412 1428 1429 1432 1433 1434 1435 1440 1443 1445 1447 1448 2015 2017 2018 2019 2020 2021 2023 2024 2085 2086 2087 2088 2089 2090 2091 2092 2094 2100 2121 2123 2132 2134 2142 4000 4002 4082 4117 4118 4665 4666 4667 4668 4669 4670 4671 4672 4673 4674 4675 4677 4683 4808 4809 4816
215 0.921304 0.208049 0.569926 -0.0446737 -0.0308653 0.567591 0.821518 1326 1327 1328 2019 2020 2023 2084 3999 4000 4001 4002 4009 4010 4013 4014 4089 4093 4665 4666 4667 4668 4669 4670 4671 4673 4674 4675 4676 4677 4787 4789 4792 4824 4864 4871
216 0.915257 0.707294 0.56935 -0.0434646 -0.0294526 0.560189 0.826699 1328 2017 2019 2020 2023 2024 2086 4000 4002 4010 4091 4095 4665 4666 4667 4668 4669 4670 4671 4672 4673 4674 4675 4676 4677 4678 4679 4681 4789 4791 4792 4825 4864
217 0.297529 1.20818 0.562448 -0.0207907 -0.00485541 0.227367 0.973575 1328 1404 1430 1431 1434 1435 1437 1439 1445 1447 1448 2016 2018 2019 2020 2021 2022 2023 2024 2035 2084 2085 2087 2088 2089 2090 2091 2092 2094 2096 2100 2102 2120 2123 2125 2134 2140 2235 4109 4118 4665 4666 4667 4668 4669 4670 4671 4672 4674 4676 4677 4678 4681 4683 4684 4808 4809 4816 4817
218 0.296672 1.70983 0.56237 -0.0201872 -0.00470837 0.227091 0.973653 1411 1432 1433 1437 1439 1440 1443 1448 2019 2020 2021 2022 2023 2024 2027 2033 2035 2036 2085 2086 2087 2089 2090 2091 2092 2094 2096 2097 2100 2102 2121 2123 2125 2129 2132 2140 2142 2225 2237 4110 4666 4668 4669 4670 4671 4672 4677 4678 4679 4681 4682 4683 4684 4687 4689 4808 4809 4816 4817 4848
219 0.91146 1.20696 0.568996 -0.0426845 -0.0285779 0.555603 0.829859 2018 2020 2023 2024 2035 2088 2120 4093 4665 4666 4667 4668 4669 4670 4671 4672 4673 4674 4676 4677 4678 4679 4680 4681 4682 4683 4689 4787 4792 4824 4830 4864 4865
220 0.907728 1.70806 0.568603 -0.0416474 -0.0278012 0.554505 0.830672 2021 2023 2024 2035 2036 2090 2121 4095 4666 4668 4669 4670 4671 4672 4674 4677 4678 4679 4680 4681 4682 4683 4684 4685 4689 4690 4691 4789 4791 4825 4831 4865 4871
221 1.6036 0.16318 0.602428 -0.0943881 -0.0698102 0.590527 0.798433 1325 1327 1328 2019 2020 2084 2086 2088 2090 2124 3999 4000 4001 4002 4009 4010 4011 4012 4013 4014 4037 4081 4110 4117 4118 4665 4666 4667 4668 4669 4670 4671 4672 4673 4674 4675 4676 4677 4679 4723 4724 4725 4726 4736 4787 4789 4792 4808 4809 4824
222 1.48183 0.7024 0.577578 -0.0594372 -0.0443442 0.596335 0.799303 1328 1429 1433 2019 2020 2086 2088 2090 4000 4002 4010 4013 4014 4082 4095 4117 4118 4665 4666 4667 4668 4669 4670 4671 4672 4673 4674 4675 4676 4677 4678 4679 4680 4681 4683 4723 4724 4725 4726 4732 4733 4736 4789 4791 4792 4808 4809 4816 4825
223 2.12282 0.184267 0.605637 -0.0953432 -0.0759063 0.618208 0.776509 1398 1430 1432 2085 2087 2089 2091 2129 3999 4000 4001 4002 4009 4010 4011 4013 4014 4030 4032 4034 4036 4037 4038 4039 4665 4666 4667 4668 4671 4672 4673 4674 4675 4676 4677 4678 4679 4723 4724 4725 4726 4727 4728 4729 4732 4736 4787 4789 4792 4824 4880
224 2.17171 0.639473 0.621618 -0.114482 -0.0841015 0.586036 0.797736 1328 4000 4002 4010 4013 4014 4036 4039 4665 4666 4667 4668 4669 4670 4671 4672 4673 4674 4675 4676 4677 4678 4679 4680 4683 4684 4689 4723 4724 4725 4726 4727 4728 4729 4732 4733 4734 4736 4738 4787 4791 4792 4825 4889
225 1.49009 1.21129 0.578433 -0.0598528 -0.046923 0.615187 0.784704 1431 2019 2020 2023 2084 2088 2090 2122 4014 4109 4118 4665 4666 4667 4668 4669 4670 4671 4672 4673 4674 4675 4676 4677 4678 4679 4680 4681 4682 4683 4684 4689 4691 4725 4726 4732 4733 4734 4735 4787 4792 4808 4809 4816 4817 4824 4830
226 1.5872 1.75883 0.595199 -0.0762058 -0.0746023 0.695559 0.71051 1431 2020 2023 2024 2035 2036 2039 2084 2086 2090 2122 2124 2128 2224 4095 4110 4118 4666 4668 4669 4670 4671 4672 4674 4676 4677 4678 4679 4680 4681 4682 4683 4684 4689 4690 4691 4692 4725 4732 4733 4734 4735 4770 4771 4772 4789 4791 4808 4809 4816 4817 4825 4831 4848 4849 4856 4857 4984 4991
227 2.1532 1.2498 0.611161 -0.0932188 -0.0894633 0.68662 0.715443 2131 4000 4014 4665 4666 4667 4668 4669 4670 4671 4672 4673 4674 4675 4676 4677 4678 4679 4680 4681 4682 4683 4684 4689 4691 4723 4725 4726 4727 4728 4729 4732 4733 4734 4735 4736 4737 4738 4770 4774 4787 4792 4824 4830 4888
228 2.02576 1.68367 0.585462 -0.0727974 -0.0531757 0.587453 0.804221 1432 2085 2087 2125 4095 4110 4666 4668 4669 4670 4671 4672 4674 4676 4677 4678 4679 4680 4683 4684 4687 4689 4690 4691 4692 4693 4725 4729 4732 4733 4734 4735 4736 4737 4738 4770 4771 4772 4774 4775 4776 4784 4789 4791 4808 4809 4825 4831
229 0.296603 2.21545 0.56217 -0.0184622 -0.0047209 0.24769 0.968652 1434 1440 1443 1445 1447 2020 2022 2023 2024 2028 2033 2034 2035 2036 2039 2084 2087 2088 2089 2091 2094 2096 2097 2100 2102 2104 2120 2123 2125 2126 2129 2131 2132 2134 2142 2227 2235 2243 4117 4669 4670 4671 4672 4678 4680 4681 4682 4683 4684 4685 4687 4688 4689 4690 4809 4816 4817 4848 4849
230 0.298513 2.73294 0.561723 -0.0136666 -0.00523865 0.357885 0.933651 1445 1447 1448 2024 2028 2033 2034 2035 2036 2037 2039 2040 2085 2086 2089 2090 2091 2097 2100 2102 2104 2121 2123 2125 2127 2129 2131 2132 2134 2140 2142 2225 2232 2235 2237 2245 4118 4669 4670 4672 4681 4682 4683 4684 4685 4686 4687 4688 4689 4690 4692 4693 4809 4816 4817 4848 4849 4856 4908
231 0.907439 2.21573 0.5683 -0.0401425 -0.0281962 0.57409 0.817322 2022 2023 2024 2035 2036 2039 2120 2126 4669 4670 4671 4672 4677 4678 4680 4681 4682 4683 4684 4685 4686 4687 4689 4690 4691 4692 4693 4787 4791 4792 4824 4830 4871 4958
232 0.911769 2.73886 0.568114 -0.0372579 -0.0309228 0.637905 0.768591 2022 2024 2035 2036 2039 2040 2121 2127 2183 2223 4670 4672 4678 4680 4681 4682 4683 4684 4685 4686 4687 4688 4689 4690 4691 4692 4693 4694 4695 4696 4789 4791 4825 4831 4959
233 0.299977 3.2612 0.561403 -0.00783598 -0.00679805 0.655273 0.755321 2033 2034 2035 2036 2037 2038 2039 2040 2087 2088 2091 2092 2102 2123 2125 2126 2129 2131 2132 2134 2140 2142 2181 2183 2225 2227 2234 2235 2237 2283 4681 4682 4683 4684 4685 4686 4687 4688 4689 4690 4693 4694 4808 4816 4817 4848 4849 4856 4857 4908 4910 4919 4983 4984 4991 5031
234 0.308867 3.80167 0.56204 -0.00723678 -0.0163535 0.914317 0.404604 2032 2036 2037 2038 2039 2040 2089 2090 2094 2102 2121 2123 2125 2127 2129 2131 2132 2134 2140 2142 2181 2183 2184 2222 2225 2227 2232 2235 2237 2243 2248 2270 4681 4682 4684 4685 4686 4687 4688 4693 4694 4696 4856 4857 4908 4909 4910 4911 4912 4919 4983 4984 4991 4992 5032
235 0.920078 3.27142 0.568703 -0.0349482 -0.0363225 0.719692 0.692462 2035 2036 2039 2040 2088 2120 2126 2183 2222 2228 4681 4682 4683 4684 4685 4686 4687 4688 4689 4690 4691 4692 4693 4694 4695 4696 4824 4830 4908 4910 4919 4921 4958
236 0.935231 3.82389 0.571441 -0.0339835 -0.0479454 0.814437 0.577269 2036 2039 2040 2121 2127 2181 2183 2184 2223 4681 4682 4684 4685 4686 4687 4688 4690 4693 4694 4695 4696 4791 4817 4825 4831 4848 4856 4857 4908 4909 4910 4911 4919 4920 4921 4958 4959 4983 4984 4991
237 1.49071 2.12608 0.584106 -0.0766972 -0.0423397 0.481429 0.872096 2024 2035 2088 2090 2122 2124 2128 2130 2226 4117 4118 4670 4671 4672 4677 4678 4679 4680 4681 4682 4683 4684 4685 4687 4688 4689 4690 4691 4692 4693 4694 4695 4733 4734 4735 4770 4771 4772 4773 4776 4787 4791 4792 4809 4816 4824 4830 4848 4849 4910 4958
238 1.45737 2.7453 0.573072 -0.0470421 -0.0422418 0.666788 0.742561 2024 2224 2231 4118 4670 4672 4678 4680 4681 4682 4683 4684 4685 4686 4687 4688 4689 4690 4691 4692 4693 4694 4695 4696 4734 4770 4771 4772 4773 4777 4778 4779 4789 4791 4809 4816 4817 4825 4831 4848 4849 4856 4857 4983 4984
239 2.00432 2.07387 0.592086 -0.0918317 -0.0436133 0.42678 0.898623 2035 2091 2123 4093 4117 4118 4670 4672 4677 4678 4679 4680 4681 4682 4683 4684 4687 4689 4690 4691 4692 4693 4694 4695 4696 4732 4733 4734 4735 4737 4738 4770 4771 4772 4773 4774 4775 4776 4777 4783 4784 4787 4791 4792 4809 4824 4825 4830 4958
240 2.01932 2.75664 0.582114 -0.0602572 -0.0581391 0.691907 0.717115 2085 2089 2091 2131 2225 2232 4670 4672 4678 4680 4681 4683 4684 4687 4688 4689 4690 4691 4692 4693 4694 4695 4696 4734 4736 4737 4770 4771 4772 4773 4774 4775 4776 4777 4778 4779 4789 4791 4825 4831
241 1.46386 3.2823 0.573863 -0.0441388 -0.048088 0.735139 0.674767 2086 2090 2124 2183 2226 4681 4682 4683 4684 4685 4686 4687 4688 4689 4690 4691 4692 4693 4694 4695 4696 4770 4772 4773 4776 4777 4778 4779 4780 4816 4817 4824 4830 4848 4849 4856 4857 4908 4910 4919 4921 4948 4958 4983 4984 4991 5031
242 1.48429 3.84264 0.578588 -0.0439774 -0.0624638 0.815285 0.573999 2040 2124 2128 2130 2183 2226 4681 4682 4683 4684 4685 4686 4687 4688 4690 4692 4693 4694 4695 4696 4776 4777 4778 4779 4780 4791 4825 4831 4856 4857 4905 4908 4909 4910 4911 4919 4920 4921 4922 4948 4949 4951 4958 4959 4983 4984 4991
243 2.045 3.30865 0.587289 -0.0607815 -0.071006 0.756358 0.647446 2091 2123 2125 2131 2225 2227 2234 4672 4683 4684 4685 4686 4687 4688 4689 4690 4691 4692 4693 4694 4695 4696 4770 4772 4773 4775 4776 4777 4778 4779 4780 4783 4824 4830 4897 4905 4908 4910 4919 4921 4948 4952 4958
244 2.08069 3.87299 0.597722 -0.0641606 -0.0899847 0.809234 0.576998 2087 2123 2129 2131 2227 2232 4683 4684 4685 4686 4687 4688 4689 4690 4692 4693 4694 4695 4696 4772 4776 4777 4778 4779 4780 4784 4791 4825 4831 4897 4905 4907 4908 4909 4910 4911 4919 4920 4921 4922 4948 4949 4950 4951 4952 4953 4958 4959
245 2.91628 2.79653 0.708197 -0.152802 -0.160282 0.705824 0.672884 4666 4669 4670 4671 4672 4677 4678 4680 4681 4682 4683 4684 4685 4686 4687 4688 4689 4690 4691 4692 4693 4694 4695 4696 4734 4737 4759 4770 4771 4772 4773 4774 4775 4776 4777 4778 4779 4780 4783 4784 4897 4900 4901 4902 4903 4904 4905 4908 4910 4919 4949 5047 5048 5050
246 3.09037 3.35066 0.808729 -0.192411 -0.213372 0.71133 0.641452 2017 2018 2020 2021 2022 2023 2024 2033 2034 2035 2036 2037 2038 2039 2040 2173 2177 2181 2182 2183 2184 2185 2188 4666 4669 4670 4671 4672 4678 4680 4681 4682 4683 4684 4685 4686 4687 4688 4689 4690 4691 4692 4693 4694 4695 4696 4770 4772 4773 4774 4775 4776 4777 4778 4779 4780 4783 4784 4859 4861 4897 4900 4901 4902 4903 4905 4908 4909 4910 4911 4919 4920 4921 4948 4949 4951 4986 4988 5047 5048 5050 5051
247 2.99303 3.82126 0.74848 -0.169818 -0.18338 0.71043 0.657892 2024 2035 2036 2039 2040 2183 2184 2188 2190 4670 4672 4681 4682 4683 4684 4685 4686 4687 4688 4689 4690 4691 4692 4693 4694 4695 4696 4772 4773 4776 4777 4778 4779 4780 4784 4895 4897 4899 4900 4901 4902 4903 4905 4908 4909 4910 4911 4912 4916 4919 4920 4921 4922 4923 4948 4949 4950 4951 4952 4953 5047 5048 5050 5051
248 0.327664 4.37712 0.566376 -0.0100501 -0.0407955 0.970113 0.238989 2032 2037 2038 2039 2040 2089 2100 2120 2125 2126 2131 2132 2134 2142 2181 2182 2183 2184 2188 2189 2190 2222 2223 2225 2232 2234 2235 2243 2245 2247 2248 4682 4684 4685 4686 4687 4688 4694 4857 4908 4909 4910 4911 4912 4916 4919 4920 4922 4983 4991 4992 5032
249 0.360338 5.03687 0.588634 -0.0154684 -0.0945788 0.982346 0.160663 2032 2038 2040 2125 2127 2129 2134 2142 2172 2181 2182 2183 2184 2185 2188 2189 2190 2191 2222 2223 2225 2227 2235 2237 4685 4686 4687 4688 4693 4694 4908 4909 4910 4911 4912 4913 4914 4915 4916 4918 4919 4920 4923 4983 4984 4991 4992
250 0.955092 4.40864 0.579538 -0.0346466 -0.0703707 0.894394 0.440349 2039 2040 2126 2127 2132 2134 2142 2181 2182 2183 2184 2222 2223 2228 2235 2243 4682 4684 4685 4686 4687 4688 4693 4694 4696 4824 4830 4857 4908 4909 4910 4911 4912 4913 4916 4919 4920 4921 4922 4923 4924 4928 4958 4959 4983 4991
251 0.963322 5.04259 0.59972 -0.034153 -0.108228 0.947483 0.298992 2040 2126 2127 2142 2172 2181 2182 2183 2184 2188 2222 2223 2235 2237 4685 4686 4687 4688 4693 4694 4825 4831 4908 4909 4910 4911 4912 4913 4914 4915 4916 4917 4918 4919 4920 4921 4922 4923 4924 4926 4927 4928 4934 4953 4958 4959 4983 4984
252 0.250605 5.9512 0.572723 0.00310329 -0.0622199 0.996819 -0.0497174 2132 2178 2181 2182 2184 2185 2186 2188 2189 2190 2191 2194 2195 2198 2199 2200 2201 2202 2203 4909 4911 4912 4913 4914 4915 4916 4917 4918 4920 4923 4925 4929 4930 4931 4932 4933 4934 4935 4940 4942 4943 4944 4946 4999 5000 5031 5032 5040 5266
253 0.958962 5.61214 0.614054 -0.0329441 -0.128735 0.96019 0.24572 2127 2173 2181 2182 2183 2184 2185 2188 2190 4686 4688 4693 4694 4908 4909 4910 4911 4912 4913 4914 4915 4916 4917 4918 4919 4920 4922 4923 4924 4925 4926 4927 4928 4929 4930 4931 4933 4934 4942 4953 4954 4958 5029
254 0.933814 6.14529 0.619302 -0.0283018 -0.136405 0.969598 0.201176 2126 2173 2182 2184 2185 2186 2188 2190 2198 2200 4694 4908 4909 4910 4911 4912 4913 4914 4915 4916 4917 4918 4919 4920 4922 4923 4924 4925 4926 4927 4928 4929 4930 4931 4932 4933 4934 4935 4937 4942 4943 4944 4953 4954 4957 4999 5000 5001 5003 5029 5057 5252
255 1.50323 4.42278 0.587816 -0.0444039 -0.0833064 0.878527 0.468271 2040 2090 2124 2128 2130 2183 2184 2224 2226 2231 4684 4685 4686 4687 4688 4690 4693 4694 4695 4696 4779 4780 4824 4830 4857 4908 4909 4910 4911 4916 4919 4920 4921 4922 4923 4924 4927 4928 4929 4948 4949 4951 4958 4959 4983 4991
256 1.51375 5.04812 0.608374 -0.0438499 -0.11765 0.929616 0.346481 2128 2182 2183 2184 2224 2226 4686 4687 4688 4690 4693 4694 4695 4696 4831 4908 4909 4910 4911 4912 4913 4916 4917 4918 4919 4920 4921 4922 4923 4924 4925 4926 4927 4928 4929 4934 4942 4948 4949 4950 4951 4952 4953 4958 4959 4983 4984
257 2.10136 4.44334 0.609167 -0.0650654 -0.108607 0.850934 0.509787 2123 2125 2131 2184 2225 2227 2232 4684 4686 4687 4688 4689 4690 4692 4693 4694 4695 4696 4777 4779 4780 4824 4830 4831 4897 4908 4909 4910 4911 4919 4920 4921 4922 4923 4924 4927 4928 4929 4948 4949 4950 4951 4952 4953 4954 4958 4959
258 2.10367 5.04276 0.625362 -0.0622731 -0.132473 0.895247 0.420839 2129 2184 2225 2227 4687 4688 4690 4692 4693 4694 4695 4696 4779 4825 4831 4908 4909 4910 4911 4912 4916 4919 4920 4921 4922 4923 4924 4925 4926 4927 4928 4929 4942 4944 4948 4949 4950 4951 4952 4953 4954 4955 4958 4959 5052 5054 5056 5057
259 1.51401 5.61378 0.622741 -0.043248 -0.136686 0.943565 0.298548 2130 2182 2183 2184 2188 2366 2380 4688 4693 4694 4695 4696 4908 4909 4910 4911 4912 4913 4914 4916 4917 4918 4919 4920 4921 4922 4923 4924 4925 4926 4927 4928 4929 4931 4934 4935 4942 4943 4944 4950 4951 4952 4953 4954 4955 4958 4965 5000 5001 5054 5058
260 1.51157 6.13763 0.628311 -0.0426256 -0.143503 0.947803 0.281532 2184 2185 2188 2190 2288 2367 2384 4694 4696 4909 4910 4911 4912 4914 4916 4917 4918 4919 4920 4921 4922 4923 4925 4926 4927 4928 4929 4930 4931 4933 4934 4935 4940 4942 4943 4944 4945 4951 4953 4954 4955 4956 4957 4965 4999 5000 5001 5003 5009 5052 5054 5057 5058 5059
261 2.08441 5.60906 0.635368 -0.0570937 -0.146639 0.92025 0.358299 2184 2188 2225 2295 4688 4693 4694 4695 4696 4779 4908 4909 4910 4911 4912 4916 4917 4919 4920 4921 4922 4923 4924 4925 4926 4927 4928 4929 4934 4942 4943 4944 4945 4948 4950 4951 4952 4953 4954 4955 4956 4957 4958 4965 4999 5001 5003 5012 5017 5018 5051 5052 5054 5056 5057 5058 5260 5261
262 2.12226 6.17963 1.16326 -0.0638127 -0.173171 0.922202 0.339828 4914 4916 4917 4918 4920 4922 4923 4925 4926 4927 4928 4929 4934 4942 4943 4944 4945 4951 4953 4954 4955 4956 4957 4965 5000 5001 5003 5011 5012 5015 5016 5017 5018 5043 5044 5054 5057 5058 5059 5261
263 2.8252 4.42708 0.677337 -0.118203 -0.157417 0.784011 0.588706 4683 4684 4686 4687 4688 4689 4690 4692 4693 4694 4695 4696 4773 4776 4777 4778 4779 4780 4895 4897 4898 4899 4900 4901 4902 4903 4905 4908 4909 4910 4911 4912 4916 4919 4920 4921 4922 4923 4927 4928 4929 4948 4949 4950 4951 4952 4953 4954 4955 4956 5047 5048 5051 5056
264 2.74543 5.01072 0.659977 -0.0945501 -0.155003 0.839518 0.512098 4688 4690 4692 4693 4694 4695 4696 4773 4777 4778 4779 4780 4895 4897 4898 4899 4900 4901 4902 4903 4909 4910 4911 4912 4916 4919 4920 4921 4922 4923 4925 4926 4927 4928 4929 4944 4948 4949 4950 4951 4952 4953 4954 4955 4956 4957 4965 5047 5048 5051 5052 5054 5056 5057 5058
265 2.81128 5.58659 1.1998 -0.106492 -0.186817 0.848441 0.483639 4696 4780 4879 4895 4898 4899 4900 4901 4902 4903 4917 4920 4921 4922 4923 4925 4926 4927 4928 4929 4942 4944 4948 4949 4950 4951 4952 4953 4954 4955 4956 4957 4964 5047 5049 5052 5054 5056 5057 5058 5059 5261
