0 1.25412 -29.6524 5.63402 0.858743 0.171011 -0.094338 -0.473725 8 9 21 58 61 68 70 3057 3058 3062 3063 3067 3069 3071 3084 3087 3088 3099 3100 3101 3102 3105 3107 3112 3114 3116 3118 3200 3201
1 1.50287 -28.9563 5.73558 0.855823 0.226228 -0.118881 -0.449728 21 58 61 68 70 3058 3062 3067 3069 3071 3084 3087 3088 3099 3100 3101 3102 3105 3107 3112 3114 3116 3118 3200 3201
2 0.828636 -28.6714 6.82088 0.92916 0.133504 -0.049028 -0.341225 9 19 21 22 27 52 58 61 68 70 3058 3067 3068 3069 3071 3087 3088 3101 3102 3105 3107 3112 3114 3116 3118 3200 3201
3 0.944506 -27.6793 7.11877 0.940449 0.215325 -0.0587068 -0.256406 9 19 21 22 52 58 61 3058 3067 3068 3069 3071 3088 3090 3100 3102 3105 3107 3112 3114 3116 3118 3200
4 2.94891 -28.7205 4.83895 -0.72587 -0.327546 0.248774 0.551306 61 3057 3058 3062 3063 3067 3068 3069 3070 3071 3084 3087 3088 3099 3100 3101 3102 3105 3107 3112 3114 3116 3118 3165 3200 3201
5 3.06856 -27.8796 5.17532 0.735233 0.386868 -0.259168 -0.492542 70 3057 3058 3062 3063 3064 3065 3067 3069 3070 3071 3074 3084 3087 3088 3099 3100 3102 3104 3105 3107 3112 3114 3116 3118 3201
6 2.50405 -27.7484 6.52404 0.826202 0.386108 -0.173694 -0.371674 9 68 70 3058 3067 3069 3071 3079 3088 3099 3100 3102 3104 3105 3107 3112 3114 3116 3118 3201
7 1.01652 -27.1882 7.0945 0.934032 0.233129 -0.0655349 -0.262566 9 19 21 22 60 68 70 3058 3067 3068 3069 3071 3088 3100 3102 3105 3106 3107 3112 3114 3116 3118 3201
8 3.13417 -27.1786 5.29475 0.730612 0.419937 -0.268291 -0.466775 3057 3058 3062 3063 3064 3065 3067 3069 3070 3071 3084 3085 3086 3087 3088 3089 3090 3099 3100 3102 3105 3106 3107 3110 3114 3116 3118 3201
9 2.36402 -27.225 6.65295 0.843301 0.376852 -0.156334 -0.349837 9 70 3058 3067 3068 3069 3071 3088 3090 3099 3100 3102 3104 3105 3106 3107 3112 3114 3116 3118 3201
10 2.90934 -26.4782 6.29626 0.766869 0.453473 -0.231174 -0.390939 156 159 3057 3058 3067 3069 3070 3071 3088 3090 3099 3100 3102 3105 3107 3114 3115 3116 3117 3118 3185 3201
11 3.8339 -26.9061 5.66646 0.693152 0.456397 -0.306802 -0.465955 3057 3058 3062 3063 3064 3065 3067 3069 3070 3071 3084 3085 3086 3087 3088 3089 3090 3091 3092 3093 3094 3095 3096 3098 3099 3100 3102 3105 3107 3114 3115 3116 3117 3118 3119 3120 3165 3185 3186 3195 3200 3201
12 4.11232 -26.215 4.44283 -0.608879 -0.44432 0.387372 0.530839 3057 3058 3062 3063 3064 3065 3067 3069 3070 3071 3084 3085 3086 3087 3088 3089 3090 3091 3092 3093 3094 3095 3096 3099 3100 3102 3105 3107 3116 3117 3118 3120 3127 3161 3162 3165 3168 3198 3200 3201 3202
13 3.84704 -26.3827 5.65921 0.690348 0.459315 -0.309634 -0.465377 3057 3058 3062 3063 3064 3065 3067 3069 3070 3071 3084 3085 3086 3087 3088 3089 3090 3091 3092 3093 3094 3095 3096 3099 3100 3102 3105 3107 3114 3115 3116 3117 3118 3120 3165 3186 3195 3197 3200 3201 3202
14 4.12043 -25.7703 4.16759 -0.587329 -0.421098 0.402735 0.561716 3062 3063 3064 3065 3067 3069 3070 3071 3084 3085 3086 3087 3088 3089 3090 3091 3092 3093 3094 3095 3096 3099 3100 3105 3116 3117 3118 3120 3127 3129 3135 3143 3161 3165 3168 3169 3170 3171 3198 3199 3200 3201 3202
15 3.66892 -26.1539 5.75545 0.724253 0.423139 -0.274644 -0.470086 3062 3063 3064 3065 3067 3069 3070 3071 3084 3085 3086 3087 3088 3089 3090 3092 3093 3095 3096 3099 3100 3102 3105 3107 3114 3115 3116 3117 3118 3120 3168 3195 3197 3200 3201 3202
16 4.21899 -24.9197 4.01803 -0.547131 -0.444973 0.447335 0.550035 3084 3085 3086 3087 3088 3089 3090 3091 3092 3093 3094 3095 3096 3099 3100 3105 3116 3117 3118 3127 3129 3134 3139 3141 3143 3148 3150 3161 3165 3166 3168 3169 3170 3171 3172 3174 3176 3177 3178 3179 3180 3181 3198 3199 3200 3201 3205 3206 3207 3215
17 3.91293 -25.2403 5.63373 0.675074 0.477052 -0.324774 -0.459585 3062 3063 3071 3084 3085 3086 3087 3088 3089 3090 3091 3092 3093 3095 3096 3099 3100 3102 3105 3107 3114 3115 3116 3117 3118 3120 3165 3166 3168 3169 3170 3171 3176 3179 3191 3193 3195 3198 3199 3200 3201 3202 3205 3209 3238
18 1.3413 -28.0857 6.67453 0.858696 0.189944 -0.102803 -0.464752 9 19 21 22 46 58 61 68 70 156 159 3058 3067 3068 3069 3071 3077 3079 3087 3088 3099 3100 3101 3102 3105 3107 3112 3114 3116 3118 3185 3200 3201
19 0.29918 -26.1894 8.50956 0.997715 0.0225087 -0.0014368 -0.0636872 7 9 19 21 22 58 60 63 68 69 70 71 143 154 157 3058 3067 3068 3069 3071 3088 3102 3104 3105 3107 3112 3113 3114 3115 3116 3118 3120 3183 3186 3201
20 1.6732 -27.5995 6.38127 -0.81972 -0.229389 0.141432 0.505408 9 21 22 48 61 68 70 156 159 3067 3068 3069 3071 3077 3079 3088 3099 3100 3101 3102 3105 3107 3112 3114 3116 3118 3185 3200 3201
21 1.08247 -27.1899 7.72912 0.911764 0.185889 -0.0731637 -0.358858 9 19 21 22 55 60 63 68 70 156 159 3058 3067 3068 3069 3071 3088 3102 3104 3105 3107 3108 3112 3114 3116 3117 3118 3185 3200 3201
22 1.89139 -27.9623 6.80307 0.866456 0.210032 -0.1067 -0.440176 9 19 21 22 46 48 61 68 70 156 159 3058 3067 3068 3069 3071 3077 3079 3088 3099 3100 3101 3102 3105 3107 3112 3114 3116 3118 3185 3200 3201
23 2.59278 -27.1667 6.53979 0.802756 0.32644 -0.187977 -0.462259 70 156 159 3058 3066 3067 3069 3071 3079 3080 3088 3090 3099 3100 3102 3104 3105 3106 3107 3112 3114 3116 3118 3185 3200 3201
24 2.1572 -27.1741 7.43858 0.858911 0.282342 -0.133427 -0.405897 9 19 21 22 63 70 156 159 3058 3067 3068 3069 3071 3088 3100 3102 3104 3105 3107 3108 3112 3114 3116 3117 3118 3185 3200 3201
25 0.917199 -26.3413 8.03325 0.93896 0.186845 -0.0563764 -0.28331 19 21 22 60 63 68 69 70 71 156 159 3067 3068 3069 3071 3088 3102 3104 3105 3107 3112 3113 3114 3116 3118 3120 3185 3195 3198 3199 3200 3201
26 3.03119 -26.4507 6.1491 0.738354 0.375098 -0.253854 -0.499693 156 159 3067 3069 3070 3071 3087 3088 3090 3096 3099 3100 3102 3105 3107 3114 3115 3116 3117 3118 3185 3200 3201
27 2.4326 -26.2926 7.55193 0.835329 0.37224 -0.164668 -0.369524 9 19 21 22 159 3058 3067 3068 3069 3071 3088 3102 3104 3105 3107 3114 3116 3118 3120 3185 3198 3200 3201
28 2.63921 -25.3843 7.62985 0.798462 0.460198 -0.193834 -0.33631 21 22 3067 3068 3069 3071 3088 3101 3102 3105 3107 3114 3115 3116 3118 3120 3185 3198 3200 3201 3206
29 0.716876 -25.9448 8.77604 0.961986 0.177776 -0.0376736 -0.20386 9 19 21 22 60 63 68 69 70 71 143 144 154 155 156 157 158 159 196 3058 3067 3068 3069 3071 3088 3102 3104 3105 3107 3112 3113 3114 3115 3116 3118 3120 3183 3184 3185 3186 3187 3198 3200 3201 3202 3206 3208 3209
30 0.741475 -25.2987 8.8282 0.959618 0.211775 -0.0399028 -0.180812 21 60 63 68 69 70 71 143 144 154 156 157 159 164 196 3067 3069 3071 3088 3102 3104 3105 3107 3112 3113 3114 3115 3116 3118 3120 3183 3185 3186 3188 3191 3198 3200 3201 3202 3206 3208 3209 3210 3247 3250
31 1.57549 -25.8368 8.7381 0.922875 0.314643 -0.0716521 -0.210162 9 19 21 22 60 63 68 69 70 71 143 154 155 156 157 158 159 3058 3067 3068 3069 3071 3088 3102 3104 3105 3107 3112 3113 3114 3115 3116 3118 3120 3183 3184 3185 3186 3187 3198 3200 3201 3202 3206
32 1.89062 -25.1193 8.70097 0.866646 0.439811 -0.106603 -0.210061 21 60 63 68 69 70 71 154 156 157 159 164 3067 3068 3071 3088 3102 3104 3105 3107 3112 3113 3114 3115 3116 3118 3120 3183 3185 3186 3188 3191 3198 3200 3201 3202 3206 3208 3209 3210 3247
33 3.53544 -26.9314 6.16869 0.738877 0.378406 -0.254154 -0.496262 159 3057 3058 3063 3064 3065 3067 3069 3070 3071 3084 3086 3087 3088 3089 3090 3092 3095 3096 3097 3098 3099 3100 3102 3105 3107 3114 3115 3116 3117 3118 3119 3120 3185 3200 3201
34 3.67964 -26.2401 6.12996 0.718566 0.407846 -0.278061 -0.489905 3062 3063 3064 3065 3067 3069 3070 3071 3087 3088 3089 3090 3092 3095 3096 3100 3102 3105 3107 3114 3115 3116 3117 3118 3120 3185 3191 3195 3200 3201
35 3.73203 -25.9831 6.80565 0.714059 0.449529 -0.28593 -0.454188 3058 3063 3065 3067 3069 3070 3071 3087 3088 3090 3096 3102 3105 3107 3114 3115 3116 3117 3118 3120 3169 3193 3195 3197 3200 3201 3202
36 3.7608 -25.6452 6.06746 0.704048 0.420208 -0.293402 -0.491587 3062 3064 3065 3070 3071 3084 3086 3087 3088 3089 3090 3091 3092 3093 3095 3096 3099 3100 3102 3105 3107 3114 3115 3116 3117 3118 3120 3168 3169 3170 3191 3193 3195 3198 3199 3200 3201 3202
37 3.41632 -25.4601 7.29969 0.765347 0.456662 -0.232394 -0.389483 3067 3069 3071 3079 3088 3102 3105 3107 3114 3115 3116 3117 3118 3119 3120 3191 3194 3195 3196 3198 3199 3200 3201 3209
38 4.15674 -24.2188 3.28073 -0.462273 -0.400965 0.51823 0.597468 3051 3052 3055 3056 3084 3085 3086 3087 3088 3089 3090 3091 3092 3093 3094 3095 3096 3099 3100 3116 3117 3118 3123 3124 3127 3128 3129 3130 3143 3148 3149 3150 3151 3155 3161 3163 3165 3166 3168 3169 3170 3171 3172 3174 3176 3177 3178 3179 3180 3181 3198 3199 3200 3201 3205 3206 3207 3208 3215 3217 3219 3221 3222 3246 3247 3248
39 4.68239 -24.5689 4.62983 -0.56871 -0.438811 0.424998 0.550808 3084 3085 3086 3087 3088 3089 3090 3091 3092 3093 3094 3095 3096 3099 3100 3102 3105 3107 3116 3117 3118 3120 3127 3129 3136 3143 3148 3150 3165 3166 3168 3169 3170 3171 3176 3177 3178 3179 3180 3181 3195 3198 3199 3200 3201 3202 3205 3206 3207 3208 3219 3220 3221 3222 3223 3246 3247 3248
40 4.77004 -22.562 4.44935 -0.513322 -0.471601 0.485086 0.528 3091 3092 3099 3100 3118 3120 3127 3129 3139 3143 3148 3150 3165 3166 3168 3169 3170 3171 3176 3177 3178 3179 3180 3181 3195 3198 3199 3200 3205 3206 3207 3208 3219 3220 3221 3222 3223 3224 3229 3230 3231 3232 3233 3234 3246 3247 3248 3249 3254 3255 3256 3257 3262 3263 3288 3290 3291 3314 3315 3322
41 0.72981 -24.5277 8.91177 0.95165 0.272039 -0.0392154 -0.137184 21 60 63 68 69 70 71 143 154 156 157 159 161 163 164 165 196 216 3067 3088 3102 3104 3105 3107 3112 3113 3114 3115 3116 3118 3120 3183 3185 3186 3188 3189 3191 3193 3200 3201 3202 3206 3208 3209 3210 3238 3247 3249 3250 3262
42 0.90843 -23.9843 8.88885 0.919654 0.360638 -0.0567652 -0.144756 68 69 70 71 143 154 156 157 159 161 163 164 165 196 199 213 215 216 217 3102 3112 3113 3114 3115 3118 3120 3183 3185 3186 3188 3189 3191 3193 3200 3201 3202 3206 3208 3209 3210 3235 3236 3238 3247 3250 3251
43 0.544301 -23.819 9.47847 0.967479 0.233975 -0.0225951 -0.09343 21 68 69 70 71 143 154 156 157 159 161 163 164 165 196 199 209 213 215 216 217 219 221 3067 3102 3112 3113 3114 3115 3116 3118 3120 3183 3185 3186 3188 3189 3191 3193 3200 3201 3202 3206 3208 3209 3210 3235 3236 3238 3239 3240 3242 3247 3250 3259 3262
44 2.24275 -24.5263 8.55398 0.814186 0.507063 -0.149513 -0.240071 21 60 63 68 69 70 71 157 3067 3088 3102 3104 3105 3107 3112 3113 3114 3115 3116 3118 3120 3183 3185 3186 3188 3189 3191 3193 3198 3200 3201 3202 3206 3208 3209 3210 3247 3249 3250
45 2.15126 -23.9774 8.61799 0.818305 0.510937 -0.139443 -0.223329 69 70 71 157 159 165 3102 3107 3112 3113 3114 3115 3116 3118 3120 3183 3185 3186 3188 3189 3191 3193 3198 3200 3201 3202 3206 3208 3209 3210 3235 3238 3247 3249 3250 3251
46 0.738189 -23.3772 9.44394 0.936326 0.329088 -0.040603 -0.115524 68 69 70 71 143 154 156 157 159 161 163 164 165 199 209 211 213 215 216 217 219 221 222 285 3102 3112 3113 3114 3115 3118 3120 3183 3185 3186 3188 3189 3191 3193 3200 3201 3202 3206 3208 3209 3210 3235 3236 3238 3239 3240 3242 3243 3247 3250 3259 3262 3263 3306 3322
47 0.632238 -22.7874 9.47463 0.945879 0.308922 -0.0308584 -0.0944845 68 69 70 71 143 154 156 157 159 161 163 164 165 199 209 211 213 215 216 217 219 220 221 222 272 285 287 3112 3113 3114 3115 3118 3183 3185 3186 3188 3189 3191 3193 3200 3201 3202 3206 3208 3209 3210 3235 3236 3238 3239 3240 3241 3242 3243 3247 3250 3259 3261 3262 3263 3304 3306 3319 3321 3322 3323
48 2.40009 -23.452 8.47674 0.788171 0.534719 -0.171083 -0.252175 70 71 157 3112 3113 3114 3115 3118 3120 3183 3185 3186 3188 3191 3193 3198 3200 3201 3202 3206 3208 3209 3210 3236 3238 3247 3250 3251
49 1.49046 -23.2551 9.41461 0.866866 0.478185 -0.0681075 -0.123467 68 69 70 71 143 154 156 157 159 161 163 164 165 199 209 211 213 215 216 217 219 220 221 222 3067 3102 3112 3113 3114 3115 3118 3120 3183 3185 3186 3188 3189 3191 3193 3198 3200 3201 3202 3206 3208 3209 3210 3235 3236 3238 3239 3240 3241 3242 3243 3247 3250 3259 3261 3262 3263 3322
50 2.41537 -23.152 8.40461 0.808055 0.492102 -0.168449 -0.2766 71 157 3113 3115 3118 3120 3183 3186 3191 3193 3198 3200 3201 3202 3206 3208 3209 3210 3235 3236 3238 3239 3247 3250 3262
51 1.85473 -22.6418 9.31564 0.790458 0.582063 -0.113094 -0.153585 68 69 70 71 156 157 159 161 163 164 165 199 209 211 213 215 216 217 219 220 221 222 285 287 3112 3113 3114 3115 3118 3185 3186 3188 3189 3191 3193 3198 3200 3201 3202 3206 3208 3209 3210 3235 3236 3238 3239 3240 3241 3242 3243 3247 3250 3259 3261 3262 3263 3304 3305 3306 3319 3322
52 3.8938 -24.6349 6.25668 0.67681 0.495706 -0.321586 -0.439075 3084 3085 3086 3087 3088 3089 3090 3092 3095 3096 3099 3100 3102 3105 3107 3114 3115 3116 3117 3118 3120 3169 3170 3171 3178 3179 3181 3191 3193 3195 3198 3199 3200 3201 3202 3205 3206 3208 3209 3210 3238
53 3.31215 -24.9509 7.42415 0.77935 0.45569 -0.217079 -0.371263 3071 3079 3088 3102 3105 3106 3107 3114 3115 3116 3118 3119 3120 3191 3194 3195 3198 3200 3201 3202 3203 3206 3209
54 3.54252 -23.323 3.06167 -0.293601 -0.291705 0.641613 0.645785 3090 3092 3099 3100 3116 3165 3166 3168 3169 3170 3171 3176 3177 3178 3179 3180 3181 3198 3205 3207 3221 3222 3246
55 3.51152 -24.345 7.25277 0.747685 0.47691 -0.248494 -0.389581 3088 3107 3114 3115 3116 3117 3118 3119 3120 3191 3193 3194 3195 3198 3200 3201 3202 3206 3208 3209 3210 3238
56 4.42852 -24.4433 5.87524 -0.668035 -0.440399 0.33014 0.500785 3085 3086 3089 3090 3091 3092 3093 3095 3096 3099 3100 3107 3114 3115 3116 3117 3118 3120 3165 3166 3168 3169 3170 3171 3176 3177 3178 3179 3180 3181 3191 3193 3195 3198 3199 3200 3201 3202 3205 3206 3207 3208 3209 3210 3219 3221 3222 3224 3238 3246 3247 3249 3250 3251
57 3.06494 -24.4284 8.36556 0.768273 0.546228 -0.193395 -0.272011 21 63 3058 3067 3069 3071 3088 3102 3104 3105 3107 3114 3115 3116 3118 3120 3186 3187 3190 3191 3192 3193 3198 3200 3201 3202 3206 3208 3209 3210 3237 3247 3249 3250
58 3.12749 -24.122 8.25474 0.781395 0.50947 -0.196818 -0.301869 3071 3088 3102 3105 3107 3111 3113 3114 3115 3116 3118 3120 3186 3187 3191 3193 3198 3200 3201 3202 3206 3208 3209 3210 3237 3238 3239 3247 3249
59 3.47764 -24.0918 7.12509 0.758732 0.435341 -0.241154 -0.420295 3115 3117 3118 3119 3120 3191 3193 3194 3195 3198 3200 3201 3202 3206 3209 3210 3238 3239 3250
60 3.37534 -23.8306 7.0507 0.773153 0.39374 -0.22563 -0.44305 3119 3120 3191 3193 3194 3195 3198 3199 3200 3201 3202 3206 3208 3209 3210 3238 3250 3251
61 4.38729 -23.6491 6.76091 0.678549 0.494036 -0.319961 -0.43946 3085 3089 3090 3099 3100 3114 3115 3117 3118 3120 3168 3169 3170 3171 3179 3180 3181 3191 3193 3195 3198 3199 3200 3201 3202 3205 3206 3207 3208 3209 3210 3219 3220 3222 3223 3224 3232 3238 3246 3247 3248 3249 3250 3254 3255 3259 3262
62 3.99157 -23.5768 7.11779 0.75642 0.43796 -0.243426 -0.420432 3120 3169 3171 3181 3191 3193 3195 3198 3199 3200 3201 3202 3205 3206 3207 3208 3209 3210 3224 3238 3246 3247 3248 3249 3250 3259
63 3.2002 -23.4781 8.24113 0.759591 0.539344 -0.210445 -0.296383 3107 3111 3114 3115 3116 3118 3120 3186 3187 3190 3191 3193 3198 3200 3201 3202 3206 3208 3209 3210 3237 3238 3239 3247 3250 3251 3262
64 3.2447 -23.298 8.07554 0.780575 0.480597 -0.209538 -0.340327 3115 3120 3187 3191 3193 3197 3198 3200 3201 3202 3206 3208 3209 3210 3238 3247 3250 3251 3262
65 4.38214 -21.7938 3.85283 -0.592818 -0.344073 0.365508 0.629749 3129 3143 3148 3150 3152 3174 3207 3208 3215 3217 3219 3220 3221 3222 3223 3224 3225 3227 3229 3230 3231 3232 3233 3234 3246 3247 3248 3249 3254 3255 3256 3257 3262 3263 3266 3271 3284 3286 3288 3289 3290 3291 3292 3293 3294 3296 3301 3314 3315 3316 3317 3322 3323 3326 3336
66 0.613828 -22.122 9.49896 0.915717 0.394509 -0.0301995 -0.0700979 69 70 71 156 159 161 163 164 165 199 209 211 213 215 216 217 219 220 221 222 272 274 285 286 287 288 289 291 3102 3112 3113 3114 3115 3118 3185 3188 3189 3191 3193 3200 3201 3202 3206 3208 3209 3210 3235 3236 3238 3239 3240 3241 3242 3243 3247 3250 3259 3261 3262 3304 3305 3306 3307 3319 3321 3323
67 0.73183 -21.5549 9.48973 0.857214 0.50776 -0.043732 -0.0738295 156 159 161 163 164 165 199 209 211 213 215 216 217 219 220 221 222 272 274 282 285 286 287 288 289 290 291 292 3113 3115 3118 3185 3188 3189 3191 3193 3200 3201 3202 3206 3208 3209 3210 3235 3236 3238 3239 3240 3241 3242 3243 3247 3250 3259 3261 3262 3263 3304 3305 3306 3307 3308 3309 3310 3319 3321 3322 3323
68 1.96818 -22.1664 9.26608 0.784669 0.5828 -0.125977 -0.169613 69 71 156 159 161 163 164 165 209 213 215 216 217 219 220 221 222 274 285 286 287 288 291 3113 3115 3118 3185 3188 3189 3191 3193 3200 3201 3202 3206 3208 3209 3210 3235 3236 3238 3239 3240 3241 3242 3243 3247 3250 3259 3261 3262 3263 3304 3305 3306 3307 3319 3321 3322 3323
69 1.9462 -21.6711 9.2749 0.787862 0.579746 -0.123141 -0.167346 156 159 161 163 164 165 199 211 213 215 216 217 219 220 221 222 282 285 286 287 288 289 291 292 3185 3188 3189 3191 3193 3200 3201 3202 3206 3208 3209 3210 3235 3236 3238 3239 3240 3241 3242 3243 3247 3250 3259 3261 3262 3263 3304 3305 3306 3307 3308 3310 3319 3321 3322 3323 3331
70 0.70963 -20.479 9.49837 0.825348 0.559354 -0.0431789 -0.0637121 163 165 199 209 211 213 215 216 217 219 220 221 222 272 274 282 284 285 286 287 288 289 290 291 292 324 326 337 339 340 3188 3189 3191 3193 3200 3202 3206 3208 3209 3210 3235 3236 3238 3239 3240 3241 3242 3243 3259 3261 3262 3263 3304 3305 3306 3307 3308 3309 3310 3311 3319 3321 3322 3323 3331 3356 3358 3370
71 1.99146 -21.2326 9.24632 0.795982 0.564341 -0.126624 -0.178598 161 163 164 165 199 209 211 213 215 216 217 219 220 221 222 272 282 285 286 287 288 289 291 292 3188 3189 3191 3193 3200 3202 3206 3208 3209 3210 3235 3236 3238 3239 3240 3241 3242 3243 3247 3250 3259 3261 3262 3263 3304 3305 3306 3307 3308 3309 3310 3319 3321 3322 3323 3331
72 1.84721 -21.6554 8.99373 0.901036 0.313214 -0.0985194 -0.283415 165 209 215 216 217 219 220 221 222 272 286 287 288 3189 3193 3210 3235 3236 3238 3239 3240 3241 3242 3243 3247 3250 3259 3261 3262 3263 3304 3305 3306 3307 3310 3319 3321 3322 3323 3381
73 4.26402 -22.9745 6.75026 0.707656 0.449385 -0.292285 -0.460266 3169 3170 3171 3177 3178 3179 3180 3181 3191 3193 3195 3198 3199 3200 3201 3202 3205 3206 3207 3208 3209 3210 3219 3222 3223 3224 3231 3232 3234 3238 3246 3247 3248 3249 3250 3254 3255 3256 3257 3259 3261 3262 3263
74 4.20853 -22.6096 6.72502 0.717155 0.429194 -0.281965 -0.471145 3170 3171 3176 3178 3179 3180 3181 3191 3193 3199 3200 3205 3206 3207 3208 3209 3210 3221 3222 3223 3224 3231 3232 3233 3234 3238 3246 3247 3248 3249 3250 3254 3255 3256 3257 3259 3261 3262 3263 3290 3319 3321
75 3.22554 -22.8669 8.05928 0.786816 0.467421 -0.205846 -0.346504 3186 3187 3191 3192 3193 3197 3198 3200 3201 3202 3206 3208 3209 3210 3238 3247 3250 3258 3259 3262
76 2.9713 -22.9362 7.90372 0.829102 0.352456 -0.169795 -0.399418 3187 3191 3193 3200 3202 3206 3208 3209 3210 3238 3247 3250 3251
77 4.02809 -22.5408 6.51051 -0.730597 -0.35916 0.256196 0.521149 3179 3181 3193 3205 3207 3208 3210 3221 3222 3224 3231 3232 3234 3238 3246 3247 3248 3249 3250 3254 3255 3256 3257 3259 3261 3262 3263 3291 3314 3319
78 3.44315 -22.686 6.30016 -0.755735 -0.237849 0.183174 0.582013 3207 3208 3224 3232 3238 3246 3247 3248 3249 3250 3255 3259 3261 3262
79 3.24622 -21.994 7.9668 0.78962 0.4457 -0.207298 -0.367258 3193 3203 3206 3208 3209 3210 3238 3247 3250 3251 3258 3259 3260 3261 3262 3263 3319 3322
80 2.33361 -22.9347 7.03208 -0.801553 -0.154514 0.109333 0.567173 3210 3238 3239 3247
81 2.91025 -20.4419 9.05003 0.705164 0.64969 -0.192423 -0.208853 222 291 3188 3191 3193 3206 3208 3209 3210 3235 3236 3238 3239 3241 3242 3243 3250 3259 3261 3262 3263 3304 3305 3306 3307 3310 3311 3319 3321 3322 3323 3330 3331 3356 3370
82 3.81807 -21.5116 4.04851 -0.660085 -0.258302 0.257049 0.656882 3229 3230 3231 3232 3233 3234 3254 3255 3256 3257 3288 3289 3290 3291 3292 3293 3314 3315 3316 3317 3322 3323
83 4.7778 -19.4012 4.40569 -0.496721 -0.481559 0.502599 0.518424 3129 3143 3148 3150 3152 3220 3223 3224 3229 3230 3231 3232 3233 3234 3248 3249 3254 3255 3256 3257 3262 3263 3288 3289 3290 3291 3292 3293 3298 3299 3300 3301 3302 3303 3314 3315 3316 3317 3322 3323 3326 3327 3328 3329 3340 3341 3342 3343 3344 3345 3350 3352 3353 3366 3367 3368 3369 3372 3375 3376 3382
84 2.97858 -21.5539 3.85992 -0.671855 -0.140048 0.14842 0.712017 3229 3231 3232 3233 3234 3256
85 2.80421 -21.1265 3.91906 -0.682971 -0.120041 0.124728 0.709637 3230 3233 3234
86 0.695246 -20.0455 9.49583 0.862621 0.499538 -0.0399237 -0.0689417 199 209 211 213 215 216 217 219 220 221 222 272 274 282 284 285 286 287 288 289 290 291 292 324 326 337 338 339 340 341 343 3189 3193 3206 3208 3209 3210 3235 3236 3238 3239 3240 3241 3242 3243 3259 3261 3262 3263 3304 3305 3306 3307 3308 3309 3310 3311 3319 3321 3322 3323 3330 3331 3356 3357 3358 3359 3360 3370 3371 3372
87 0.716881 -19.5867 9.48914 0.873951 0.478277 -0.0414691 -0.0757761 199 209 211 215 216 217 219 220 221 222 272 274 282 284 285 286 287 288 289 290 291 292 324 326 334 336 337 338 339 340 341 342 343 344 3210 3235 3236 3238 3239 3240 3241 3242 3243 3259 3261 3262 3263 3304 3305 3306 3307 3308 3309 3310 3311 3319 3321 3322 3323 3330 3331 3356 3357 3358 3359 3360 3361 3362 3370 3371 3372 3379 3382
88 1.90169 -21.1601 8.96679 0.895211 0.322611 -0.104232 -0.289232 215 216 217 219 221 222 285 286 287 288 289 290 291 3235 3236 3238 3239 3240 3241 3242 3243 3250 3259 3261 3262 3263 3304 3305 3306 3307 3308 3310 3311 3319 3321 3322 3323 3331 3370 3381
89 2.08263 -20.1019 9.11822 0.841262 0.472224 -0.12884 -0.229526 215 217 219 220 221 222 285 286 287 288 289 290 291 292 337 339 340 3236 3239 3240 3241 3242 3243 3259 3261 3262 3263 3304 3305 3306 3307 3308 3309 3310 3311 3319 3321 3322 3323 3331 3356 3357 3358 3359 3370 3371 3372 3379 3381 3382 3383
90 0.716428 -19.21 9.47499 0.91169 0.398749 -0.039711 -0.0907943 211 217 219 220 221 222 272 274 282 284 285 286 287 288 289 290 291 292 324 326 334 336 337 338 339 340 341 342 343 344 458 460 3236 3239 3240 3241 3242 3243 3259 3261 3262 3263 3304 3305 3306 3307 3308 3309 3310 3311 3319 3321 3322 3323 3330 3331 3356 3357 3358 3359 3360 3361 3362 3363 3370 3371 3372 3379 3381 3382 3383 3425 3427
91 0.746124 -18.4297 9.4953 0.788917 0.609242 -0.0490277 -0.0634868 211 220 222 272 274 282 284 285 286 287 288 289 290 291 292 324 326 334 336 337 338 339 340 341 342 343 344 445 447 458 459 460 3240 3241 3242 3243 3259 3261 3262 3263 3304 3305 3306 3307 3308 3309 3310 3311 3319 3321 3322 3323 3330 3331 3356 3357 3358 3359 3360 3361 3362 3363 3370 3371 3372 3379 3381 3382 3383 3425 3442
92 2.09382 -19.2747 9.19127 0.793322 0.559941 -0.137801 -0.195235 219 220 221 222 285 286 287 288 289 290 291 292 337 338 339 340 341 342 343 3240 3241 3242 3243 3259 3261 3262 3263 3304 3305 3306 3307 3308 3309 3310 3311 3319 3321 3322 3323 3330 3331 3356 3357 3358 3359 3360 3362 3370 3371 3372 3379 3380 3381 3382 3383
93 2.04989 -19.1021 9.13436 0.845192 0.468037 -0.125012 -0.22575 220 222 286 287 288 289 290 291 292 326 337 339 340 341 342 343 344 3241 3243 3261 3263 3304 3305 3306 3307 3308 3309 3310 3311 3319 3321 3322 3323 3330 3331 3356 3357 3358 3359 3360 3361 3362 3363 3370 3371 3372 3379 3381 3382 3383 3442 3443
94 3.97604 -21.5857 6.54735 -0.738226 -0.352035 0.247673 0.519376 3222 3224 3231 3232 3234 3246 3248 3249 3254 3255 3256 3257 3259 3261 3262 3263 3291 3293 3311 3314 3315 3316 3317 3319 3321 3322 3323
95 4.09578 -20.7965 6.73044 0.734088 0.40067 -0.262662 -0.481235 3223 3224 3232 3234 3248 3249 3254 3255 3256 3257 3259 3261 3262 3263 3291 3292 3293 3300 3301 3303 3311 3314 3315 3316 3317 3319 3321 3322 3323 3326 3327 3329 3358 3359 3381
96 2.17932 -22.5541 6.84383 -0.786942 -0.125331 0.0950238 0.596644 3239 3249 3250
97 2.87221 -20.0612 9.06517 0.73028 0.623352 -0.181463 -0.212591 222 287 3189 3193 3208 3210 3235 3236 3238 3239 3240 3241 3242 3243 3250 3259 3261 3262 3263 3304 3305 3306 3307 3308 3309 3310 3311 3319 3321 3322 3323 3330 3331 3356 3358 3359 3370 3371 3372 3379
98 2.57052 -21.6532 7.39083 -0.825394 -0.211845 0.130094 0.506875 3251 3258 3259 3260 3261 3262 3263
99 2.87158 -19.7077 9.04661 0.75586 0.589457 -0.175254 -0.224728 221 288 292 3235 3236 3239 3242 3243 3259 3261 3262 3263 3304 3305 3306 3307 3308 3309 3310 3311 3319 3321 3322 3323 3330 3331 3356 3357 3358 3359 3362 3370 3371 3372 3379 3380 3382
100 3.90067 -20.6709 6.55475 -0.745854 -0.337406 0.236719 0.523282 3231 3232 3233 3234 3254 3256 3257 3261 3263 3290 3291 3293 3301 3303 3311 3314 3315 3316 3317 3319 3321 3322 3323 3326 3327 3328 3329 3358 3359 3381
101 4.41151 -18.6248 6.44297 0.641339 0.568795 -0.341672 -0.385249 3231 3232 3233 3234 3256 3257 3261 3288 3289 3290 3291 3292 3293 3298 3299 3300 3301 3302 3303 3310 3311 3314 3315 3316 3317 3319 3321 3322 3323 3326 3327 3328 3329 3340 3341 3342 3343 3344 3345 3350 3351 3352 3353 3354 3355 3358 3359 3362 3366 3367 3368 3369 3372 3375 3376 3377 3378 3381 3382 3383 3411 3414 3435 3440
102 3.68505 -20.448 6.42843 -0.753024 -0.286429 0.210603 0.553678 3234 3256 3290 3291 3293 3301 3311 3314 3315 3316 3317 3319 3321 3322 3323 3326 3327 3329 3358 3359 3381
103 3.25733 -19.8103 8.05731 0.779729 0.478807 -0.211115 -0.343797 3258 3260 3261 3262 3263 3310 3311 3318 3319 3320 3321 3322 3323 3330 3331 3358 3359 3370 3371 3372 3381
104 3.24092 -19.3807 8.03706 0.785574 0.465544 -0.207804 -0.350656 3260 3263 3310 3311 3318 3319 3320 3321 3322 3323 3330 3331 3358 3359 3362 3370 3371 3372 3381 3451
105 2.17487 -20.7802 3.91561 -0.691529 -0.0455145 0.047346 0.719357 3233
106 3.59396 -19.6835 4.30832 -0.699866 -0.236481 0.215754 0.638526 3289 3298 3299 3300 3301 3302 3303 3326 3327 3328 3329 3340 3342 3343 3366 3367
107 4.76131 -17.6438 4.42882 -0.517914 -0.462873 0.479381 0.536385 3289 3292 3293 3298 3299 3300 3301 3302 3303 3316 3317 3323 3326 3327 3328 3329 3340 3341 3342 3343 3344 3345 3350 3351 3352 3353 3354 3355 3366 3367 3368 3369 3372 3375 3376 3377 3378 3382 3383 3409 3410 3411 3412 3413 3414 3419 3421 3422 3435 3436 3437 3438 3442 3443 3446 3447 3454
108 3.05418 -19.4138 4.80393 -0.772321 -0.178484 0.137271 0.593987 3298 3299 3300 3301 3302 3303 3328
109 4.77002 -17.0197 4.36983 -0.502991 -0.468673 0.495046 0.531296 3298 3299 3300 3301 3302 3303 3326 3327 3328 3329 3340 3341 3342 3343 3344 3345 3350 3351 3352 3353 3354 3355 3366 3367 3368 3369 3372 3375 3376 3377 3378 3382 3383 3409 3410 3411 3412 3413 3414 3419 3420 3421 3422 3423 3424 3435 3436 3437 3438 3442 3443 3446 3447 3448 3449 3454 3455
110 4.20187 -18.0762 4.17106 -0.644706 -0.327433 0.312791 0.615876 3340 3341 3342 3343 3344 3345 3350 3351 3352 3353 3354 3355 3366 3367 3368 3369 3375 3376 3377 3378 3382 3383 3409 3410 3411 3412 3414 3435 3436 3438 3442
111 4.76213 -16.6528 4.5412 -0.528564 -0.470994 0.46985 0.527281 3299 3302 3303 3328 3329 3340 3341 3342 3343 3344 3345 3350 3351 3352 3353 3354 3355 3366 3367 3368 3369 3372 3375 3376 3377 3378 3382 3383 3409 3410 3411 3412 3413 3414 3419 3420 3421 3422 3423 3424 3435 3436 3437 3438 3442 3443 3446 3447 3448 3449 3454 3455 3464 3466 3467 3490 3491 3498
112 0.721529 -18.0413 9.49238 0.853835 0.513852 -0.0428996 -0.0712837 272 274 282 284 285 286 287 288 289 290 291 292 324 326 334 336 337 338 339 340 341 342 343 344 445 447 457 458 459 460 461 462 464 3241 3243 3261 3263 3304 3305 3306 3307 3308 3309 3310 3311 3319 3321 3322 3323 3330 3331 3356 3357 3358 3359 3360 3361 3362 3363 3370 3371 3372 3379 3381 3382 3383 3425 3426 3427 3428 3429 3440 3442
113 0.76166 -17.3977 9.49396 0.766571 0.636955 -0.0521458 -0.0627572 274 282 284 286 288 289 290 291 292 324 326 334 336 337 338 339 340 341 342 343 344 445 447 455 457 458 459 460 461 462 464 3305 3306 3307 3308 3309 3310 3311 3319 3321 3322 3323 3330 3331 3356 3357 3358 3359 3360 3361 3362 3363 3370 3371 3372 3379 3381 3382 3383 3425 3426 3427 3428 3429 3440 3442 3443 3454
114 2.07564 -18.5155 9.14666 0.8319 0.493356 -0.129589 -0.218514 282 284 285 286 287 288 289 290 291 292 334 337 338 339 340 343 344 458 460 3304 3305 3306 3307 3308 3309 3310 3311 3319 3321 3322 3323 3330 3331 3356 3357 3358 3359 3360 3361 3362 3363 3370 3371 3372 3379 3381 3382 3383 3425 3428 3440 3442 3443 3451
115 2.13007 -17.7075 9.18406 0.777516 0.580655 -0.144487 -0.193473 284 286 288 289 290 291 292 337 338 339 340 341 342 343 344 458 459 460 461 464 3305 3307 3308 3309 3310 3311 3321 3322 3323 3330 3331 3356 3357 3358 3359 3360 3361 3362 3363 3370 3371 3372 3379 3381 3382 3383 3425 3426 3427 3428 3429 3431 3440 3442 3443 3451 3454
116 0.669473 -17.0777 9.49656 0.883456 0.461823 -0.036551 -0.0699213 282 284 288 289 290 291 292 324 326 334 336 337 338 339 340 341 342 343 344 445 447 455 457 458 459 460 461 462 463 464 465 510 512 3305 3306 3307 3308 3309 3310 3311 3321 3330 3331 3356 3357 3358 3359 3360 3361 3362 3363 3370 3371 3372 3379 3381 3382 3383 3425 3426 3427 3428 3429 3430 3431 3432 3440 3442 3443 3451 3454 3455 3480
117 0.798265 -16.3829 9.48821 0.753053 0.652146 -0.0571327 -0.0659729 284 290 292 324 326 334 336 337 338 339 340 341 342 343 344 445 447 455 457 458 459 460 461 462 463 464 465 497 499 510 512 3309 3311 3330 3331 3356 3357 3358 3359 3360 3361 3362 3363 3370 3371 3372 3379 3381 3382 3383 3425 3426 3427 3428 3429 3430 3431 3432 3440 3441 3442 3443 3451 3453 3454 3455 3480 3498
118 2.0864 -17.0892 9.22084 0.757403 0.611689 -0.143519 -0.177708 284 286 288 289 291 292 324 337 338 339 340 341 343 344 458 459 460 461 463 464 465 510 3308 3309 3310 3311 3323 3330 3331 3356 3357 3358 3359 3360 3361 3362 3363 3370 3371 3372 3379 3381 3382 3383 3425 3426 3427 3428 3429 3430 3431 3432 3440 3442 3443 3451 3454 3455
119 2.0542 -16.8687 9.19237 0.813397 0.53053 -0.130341 -0.199835 290 292 324 334 337 338 339 340 341 342 343 344 458 459 460 461 462 463 464 465 512 3309 3311 3330 3331 3356 3357 3358 3359 3360 3361 3362 3363 3370 3371 3372 3379 3381 3382 3383 3425 3426 3427 3428 3429 3430 3431 3432 3440 3442 3443 3451 3453 3454 3455 3480 3495 3498
120 2.1627 -17.17 2.66944 -0.097678 -0.114227 0.751381 0.642524 3337 3339 3340 3341 3347 3350
121 4.42366 -18.1922 6.40292 0.645321 0.558327 -0.341132 -0.394285 3230 3233 3288 3290 3291 3292 3293 3299 3300 3301 3302 3303 3310 3311 3314 3315 3316 3317 3319 3321 3323 3326 3327 3328 3329 3340 3341 3342 3343 3344 3345 3350 3351 3352 3353 3354 3355 3358 3359 3362 3366 3367 3368 3369 3372 3375 3376 3377 3378 3381 3382 3383 3409 3411 3412 3413 3414 3431 3435 3436 3437 3438 3440 3442
122 3.7114 -19.9422 6.38476 -0.747618 -0.287879 0.215063 0.558516 3291 3292 3293 3301 3302 3303 3311 3314 3316 3317 3321 3323 3326 3327 3328 3329 3358 3359 3362 3367 3381
123 4.33014 -17.6023 6.5897 0.650507 0.579775 -0.326432 -0.366257 3288 3289 3290 3291 3292 3293 3300 3301 3302 3303 3310 3311 3316 3317 3321 3326 3327 3328 3329 3342 3343 3344 3345 3352 3353 3354 3355 3358 3359 3362 3366 3367 3368 3369 3372 3375 3376 3377 3378 3381 3382 3383 3411 3412 3413 3414 3421 3431 3435 3436 3437 3438 3440 3442 3443 3447 3451
124 3.82895 -19.172 6.6901 -0.76126 -0.336425 0.224078 0.507041 3293 3301 3303 3310 3311 3316 3326 3327 3328 3329 3343 3353 3358 3359 3362 3363 3366 3367 3368 3369 3372 3375 3376 3381 3382 3451
125 3.20964 -18.9523 8.02778 0.792803 0.451413 -0.202621 -0.355856 3310 3311 3318 3320 3321 3322 3323 3330 3331 3358 3359 3362 3370 3371 3372 3379 3381 3382 3451
126 3.32267 -17.9954 8.12283 0.747919 0.537374 -0.227375 -0.316461 3310 3311 3320 3323 3330 3331 3358 3359 3362 3370 3371 3372 3379 3380 3381 3382 3383 3439 3440 3451
127 2.78245 -16.8094 8.13171 0.683233 0.682759 -0.183012 -0.183139 3311 3330 3331 3358 3359 3362 3363 3370 3371 3372 3379 3381 3382 3383 3428 3431 3440 3441 3442 3443 3450
128 4.45262 -16.8891 6.39815 0.612104 0.593886 -0.363588 -0.374741 3288 3292 3293 3298 3300 3301 3302 3303 3310 3311 3326 3327 3328 3329 3340 3341 3342 3343 3344 3345 3350 3352 3353 3354 3355 3358 3359 3362 3366 3367 3368 3369 3372 3375 3376 3377 3378 3381 3382 3383 3410 3411 3412 3413 3414 3419 3420 3421 3422 3423 3424 3435 3436 3437 3438 3440 3442 3443 3446 3447 3448 3451 3454 3464
129 4.02832 -18.4668 6.63103 -0.737709 -0.372344 0.253752 0.502748 283 323 3301 3303 3311 3326 3328 3329 3342 3343 3344 3345 3353 3354 3355 3358 3359 3362 3366 3367 3368 3369 3372 3375 3376 3377 3378 3381 3382 3383 3412 3435 3440 3442 3451
130 4.33716 -16.5017 6.59394 0.639271 0.592737 -0.333085 -0.359235 3300 3301 3302 3303 3311 3328 3329 3342 3343 3344 3345 3350 3351 3352 3353 3354 3355 3358 3359 3362 3366 3367 3368 3369 3372 3375 3376 3377 3378 3381 3382 3383 3411 3412 3413 3414 3419 3420 3421 3422 3423 3424 3428 3435 3436 3437 3438 3440 3442 3443 3446 3447 3448 3449 3451 3453 3454 3455 3466 3467 3490
131 4.05116 -17.7345 6.88182 0.745069 0.411733 -0.2538 -0.459276 3303 3328 3329 3343 3345 3353 3355 3358 3359 3362 3366 3367 3368 3369 3372 3375 3376 3377 3378 3381 3382 3383 3412 3414 3431 3435 3436 3440 3442 3443 3451 3453
132 3.29275 -17.7902 8.03211 0.774126 0.48349 -0.216456 -0.346573 3311 3330 3331 3358 3359 3362 3370 3371 3372 3379 3381 3382 3383 3439 3440 3442 3451 4447
133 2.92993 -18.0817 7.80577 0.83003 0.326129 -0.165451 -0.421089 257 299 3331 3358 3359 3362 3370 3371 3372 3379 3380 3381 3382 3383 3451
134 3.86729 -18.7932 6.87767 -0.735629 -0.3154 0.236228 0.550972 3311 3326 3327 3328 3329 3355 3358 3359 3362 3366 3367 3368 3369 3372 3375 3376 3381 3382 3451
135 3.49161 -18.67 6.7409 -0.747761 -0.242252 0.190528 0.588104 3328 3329 3358 3359 3362 3363 3366 3367 3368 3369 3372 3375 3381 3382 3451
136 3.31939 -18.2786 4.76495 -0.758215 -0.21668 0.168973 0.591277 3340 3341 3342 3344 3345 3350 3352 3353 3355 3368 3369 3375 3376 3377
137 4.76065 -16.1654 4.54027 -0.52948 -0.469799 0.468804 0.528358 3340 3341 3342 3343 3344 3345 3350 3351 3352 3353 3354 3355 3366 3367 3368 3369 3372 3375 3376 3377 3378 3382 3383 3409 3410 3411 3412 3413 3414 3419 3420 3421 3422 3423 3424 3435 3436 3437 3438 3442 3443 3446 3447 3448 3449 3454 3455 3464 3465 3466 3467 3468 3469 3490 3491 3492 3493 3498 3499
138 4.11529 -17.1425 4.47151 -0.68081 -0.330802 0.285604 0.58779 3350 3351 3352 3353 3354 3355 3375 3376 3377 3378 3409 3410 3411 3412 3413 3414 3419 3421 3422 3423 3435 3436 3437 3438 3442 3443 3446 3447 3448 3449 3454
139 4.76964 -15.4806 4.32362 -0.495842 -0.468073 0.502118 0.531907 3341 3344 3345 3350 3351 3352 3353 3354 3355 3368 3369 3372 3375 3376 3377 3378 3382 3383 3409 3410 3411 3412 3413 3414 3419 3420 3421 3422 3423 3424 3435 3436 3437 3438 3442 3443 3446 3447 3448 3449 3454 3455 3460 3464 3465 3466 3467 3468 3469 3474 3476 3477 3490 3491 3492 3493 3498 3499 3500 3501 3508
140 3.74844 -17.0352 4.45146 -0.705881 -0.267063 0.232152 0.613607 3350 3351 3354 3355 3377 3378 3409 3410 3411 3412 3413 3414 3419 3421 3435 3436 3437 3438 3443 3446 3454
141 4.75993 -15.1235 4.71411 -0.541209 -0.486957 0.458534 0.50962 3350 3351 3352 3353 3354 3355 3375 3376 3377 3378 3382 3383 3409 3410 3411 3412 3413 3414 3419 3420 3421 3422 3423 3424 3435 3436 3437 3438 3442 3443 3446 3447 3448 3449 3454 3455 3464 3465 3466 3467 3468 3469 3474 3475 3476 3477 3478 3479 3490 3491 3492 3493 3498 3499 3500 3501 3502 3503 3508 3509
142 3.89807 -16.4093 4.36314 -0.68768 -0.2863 0.256429 0.615932 3409 3410 3411 3412 3413 3414 3419 3420 3421 3422 3423 3424 3435 3436 3437 3438 3446 3447 3448 3449 3454 3455 3490 3498
143 4.74028 -14.7306 4.79873 -0.557236 -0.483347 0.442407 0.510039 3351 3354 3355 3377 3378 3383 3409 3410 3411 3412 3413 3414 3419 3420 3421 3422 3423 3424 3435 3436 3437 3438 3442 3443 3446 3447 3448 3449 3454 3455 3464 3465 3466 3467 3468 3469 3474 3475 3476 3477 3478 3479 3490 3491 3492 3493 3498 3499 3500 3501 3502 3503 3508 3509 3534 3536 3537 3558 3559 3566
144 0.788439 -15.961 9.48691 0.799526 0.594074 -0.0527875 -0.0710434 324 326 334 336 337 338 339 340 341 342 343 344 445 447 455 457 458 459 460 461 462 463 464 465 497 499 507 510 511 512 513 3309 3311 3330 3331 3356 3357 3358 3359 3360 3361 3362 3363 3370 3371 3372 3379 3381 3382 3383 3425 3426 3427 3428 3429 3430 3431 3432 3440 3441 3442 3443 3451 3453 3454 3455 3480 3481 3482 3483 3495 3498
145 0.73274 -15.5348 9.4912 0.848102 0.523072 -0.0442913 -0.0718132 326 334 336 338 340 341 342 343 344 445 447 455 457 458 459 460 461 462 463 464 465 497 499 507 510 511 512 513 514 515 516 517 565 3331 3356 3357 3358 3359 3360 3361 3362 3363 3370 3371 3372 3379 3381 3382 3383 3425 3426 3427 3428 3429 3430 3431 3432 3440 3441 3442 3443 3451 3453 3454 3455 3480 3481 3482 3483 3484 3485 3486 3495 3497 3498 3499
146 2.04951 -16.4467 9.17699 0.825701 0.508656 -0.127925 -0.20766 334 336 337 338 339 340 341 342 343 344 458 459 460 461 462 463 464 465 510 512 3331 3356 3357 3358 3359 3360 3361 3362 3363 3370 3371 3372 3379 3381 3382 3383 3425 3426 3427 3428 3429 3430 3431 3432 3440 3441 3442 3443 3451 3453 3454 3455 3480 3482 3495 3498 3499 4447
147 2.06177 -15.7678 9.20805 0.795373 0.559529 -0.134088 -0.190606 338 340 341 342 343 344 459 460 461 462 463 464 465 510 511 512 513 514 3357 3359 3360 3361 3362 3363 3370 3371 3372 3379 3381 3382 3383 3425 3426 3427 3428 3429 3430 3431 3432 3440 3441 3442 3443 3451 3453 3454 3455 3480 3481 3482 3483 3484 3495 3497 3498 3499 3508 4447
148 0.743691 -14.8368 9.49803 0.726335 0.682977 -0.0529728 -0.0563358 326 334 336 338 340 341 342 343 344 445 447 455 457 458 459 460 461 462 463 464 465 497 499 507 509 510 511 512 513 514 515 516 517 3357 3360 3361 3362 3363 3371 3372 3381 3382 3383 3425 3426 3427 3428 3429 3430 3431 3432 3440 3441 3442 3443 3451 3453 3454 3455 3480 3481 3482 3483 3484 3485 3486 3495 3497 3498 3499 3505 3508 3509
149 0.717362 -14.5213 9.4945 0.845543 0.527721 -0.0429097 -0.0687522 336 342 344 445 447 455 457 458 459 460 461 462 463 464 465 497 499 507 509 510 511 512 513 514 515 516 565 3360 3361 3362 3363 3371 3381 3382 3383 3425 3426 3427 3428 3429 3430 3431 3432 3440 3441 3442 3443 3451 3453 3454 3455 3480 3481 3482 3483 3484 3486 3487 3495 3497 3498 3499 3505 3507 3508 3509 3552 4447 4448
150 2.19265 -15.0745 9.16814 0.746038 0.618439 -0.157573 -0.190085 340 342 343 344 447 458 459 460 461 462 463 464 465 510 512 513 514 515 516 3360 3361 3362 3363 3371 3372 3381 3382 3383 3425 3426 3427 3428 3429 3430 3431 3432 3440 3441 3442 3443 3451 3453 3454 3455 3480 3481 3482 3483 3484 3485 3486 3495 3497 3498 3499 3505 3508 3509 4447
151 2.0983 -15.3904 9.00302 0.863233 0.407856 -0.127073 -0.268951 344 460 461 462 463 464 465 512 513 516 3361 3363 3381 3425 3426 3427 3428 3429 3430 3431 3432 3440 3441 3442 3443 3451 3453 3454 3455 3480 3481 3482 3483 3484 3485 3486 3495 3497 3498 3499 3508 3509 4447
152 2.36455 -15.8275 8.33171 0.701217 0.688909 -0.128654 -0.130952 3356 3359 3360 3361 3362 3363 3370 3371 3372 3379 3381 3382 3383 3426 3427 3428 3429 3430 3431 3432 3440 3441 3442 3443 3451 3453 3454 3455
153 3.28209 -15.0708 3.31059 -0.238935 -0.268994 0.697578 0.619627 3354 3355 3409 3410 3411 3412 3413 3414 3419 3421 3422 3423 3424 3435 3437 3446 3448 3467
154 4.50949 -16.0547 6.25867 0.619457 0.566039 -0.366922 -0.401549 3299 3302 3303 3311 3340 3341 3342 3343 3344 3345 3350 3351 3352 3353 3354 3355 3358 3359 3362 3366 3367 3368 3369 3372 3375 3376 3377 3378 3381 3382 3383 3409 3410 3411 3412 3413 3414 3419 3420 3421 3422 3423 3424 3428 3435 3436 3437 3438 3440 3442 3443 3446 3447 3448 3449 3451 3453 3454 3455 3464 3466 3467 3468 3469 3490 3491 3492 3493 3495 3497 3498
155 3.64141 -17.8132 6.76806 -0.782017 -0.306824 0.198145 0.505022 3343 3359 3362 3366 3367 3368 3369 3372 3375 3376 3377 3378 3381 3382 3383 3435 3440 3442 3451
156 4.51634 -15.394 6.26513 0.603029 0.584431 -0.377866 -0.38989 3340 3341 3342 3343 3344 3345 3350 3351 3352 3353 3354 3355 3358 3359 3368 3369 3372 3375 3376 3377 3378 3381 3382 3383 3409 3410 3411 3412 3413 3414 3419 3420 3421 3422 3423 3424 3428 3435 3436 3437 3438 3440 3442 3443 3446 3447 3448 3449 3451 3453 3454 3455 3464 3465 3466 3467 3468 3469 3474 3476 3477 3490 3491 3492 3493 3495 3497 3498 3499 3500 4447
157 4.02879 -16.6367 7.01292 0.750468 0.428135 -0.24949 -0.437325 3345 3362 3368 3369 3375 3376 3377 3378 3381 3382 3383 3412 3424 3435 3436 3437 3438 3440 3442 3443 3446 3447 3448 3449 3451 3453 3454 3455 3495 4447 4448
158 3.00575 -17.4388 7.86977 0.824563 0.355066 -0.174211 -0.404567 299 3359 3362 3370 3371 3372 3379 3380 3381 3382 3383 3439 3440 3442 3451 4447
159 3.20226 -16.4468 8.03805 0.793516 0.452058 -0.201664 -0.353989 3362 3371 3372 3379 3380 3381 3382 3383 3428 3439 3440 3441 3442 3443 3450 3451 3452 3453 3454 3455 4447
160 3.28962 -18.326 6.65718 -0.748989 -0.207111 0.167742 0.606616 3359 3362 3363 3367 3368 3369 3372 3375 3376 3381 3382 3451
161 4.39111 -16.4309 6.99946 0.679019 0.447056 -0.320208 -0.486355 3345 3353 3355 3359 3362 3368 3369 3372 3375 3376 3377 3378 3381 3382 3383 3411 3412 3413 3414 3422 3424 3428 3435 3436 3437 3438 3440 3442 3443 3446 3447 3448 3449 3451 3453 3454 3455 3467 3469 3490 3491 3493 3495 3497 3498 3505
162 3.42675 -14.7379 3.43748 -0.269861 -0.278874 0.662307 0.640901 3355 3377 3411 3412 3413 3414 3421 3422 3423 3424 3435 3437 3446 3448 3466 3467 3469 3490 3492
163 4.54356 -14.8589 6.20487 0.594926 0.584142 -0.386823 -0.393965 3341 3344 3345 3350 3351 3352 3353 3354 3355 3359 3375 3376 3377 3378 3381 3382 3383 3409 3410 3411 3412 3413 3414 3419 3420 3421 3422 3423 3424 3428 3435 3436 3437 3438 3440 3442 3443 3446 3447 3448 3449 3451 3453 3454 3455 3464 3465 3466 3467 3468 3469 3474 3475 3476 3477 3478 3479 3490 3491 3492 3493 3495 3497 3498 3499 3500 3501 3502 3505 3508 4447 4448
164 4.01243 -16.3799 6.78102 0.746847 0.387392 -0.248874 -0.479801 3353 3355 3375 3376 3377 3378 3381 3383 3412 3414 3422 3424 3428 3435 3436 3437 3438 3440 3442 3443 3446 3447 3448 3449 3451 3453 3454 3455 3467 3491 3495 3497 4447
165 4.65249 -14.4605 5.89242 0.581858 0.551839 -0.411112 -0.433477 3350 3351 3352 3353 3354 3355 3377 3378 3381 3383 3409 3410 3411 3412 3413 3414 3419 3420 3421 3422 3423 3424 3428 3435 3436 3437 3438 3440 3442 3443 3446 3447 3448 3449 3451 3453 3454 3455 3464 3465 3466 3467 3468 3469 3474 3475 3476 3477 3478 3479 3490 3491 3492 3493 3495 3497 3498 3499 3500 3501 3502 3503 3505 3507 3508 3509 3534 3535 3536 3537 3558 3559 3563
166 3.60407 -16.3881 6.69786 -0.779738 -0.293259 0.194733 0.517771 3377 3378 3414 3435 3436 3437 3438 3440 3442 3443 3446 3447 3451 3453 3454 3495 4447
167 3.22618 -15.9938 7.98705 0.79224 0.444836 -0.204505 -0.364217 3379 3380 3381 3382 3383 3428 3439 3440 3441 3442 3443 3450 3451 3452 3453 3454 3455 3495 3498 4447
168 2.49886 -14.8317 9.27592 0.698328 0.685084 -0.145214 -0.148021 340 343 344 460 461 462 464 465 512 513 516 517 3357 3359 3360 3361 3362 3363 3371 3372 3381 3382 3383 3425 3426 3427 3428 3429 3430 3431 3432 3440 3441 3442 3443 3451 3453 3454 3455 3480 3481 3482 3483 3484 3485 3486 3487 3495 3497 3498 3499 3505 3507 3508 3509 4447
169 2.64787 -16.6006 7.40501 -0.822907 -0.226585 0.138319 0.502345 3381 3383 3431 3439 3440 3441 3442 3443 3451 4447
170 3.60831 -16.1393 4.51474 -0.719999 -0.248473 0.211382 0.612519 3409 3410 3413 3414 3419 3420 3421 3422 3423 3424 3437 3438 3446 3447 3448 3455 3491
171 4.72393 -14.3741 4.37622 -0.530646 -0.438329 0.462009 0.559312 3409 3410 3411 3412 3413 3414 3419 3420 3421 3422 3423 3424 3435 3436 3437 3438 3442 3443 3446 3447 3448 3449 3454 3455 3464 3465 3466 3467 3468 3469 3474 3475 3476 3477 3478 3479 3490 3491 3492 3493 3498 3499 3500 3501 3502 3503 3508 3509 3534 3535 3536 3537 3538 3558 3559 3560 3561 3566 3567
172 3.80753 -15.4597 4.55235 -0.711813 -0.282363 0.237135 0.597797 3410 3419 3420 3421 3422 3423 3424 3446 3447 3448 3449 3464 3465 3466 3467 3468 3490 3491 3492 3493 3498
173 4.77136 -13.5447 4.44581 -0.511644 -0.472797 0.486891 0.526897 3410 3413 3414 3419 3420 3421 3422 3423 3424 3437 3438 3443 3446 3447 3448 3449 3454 3455 3464 3465 3466 3467 3468 3469 3474 3475 3476 3477 3478 3479 3490 3491 3492 3493 3498 3499 3500 3501 3502 3503 3508 3509 3534 3535 3536 3537 3538 3539 3544 3546 3547 3558 3559 3560 3561 3566 3567 3568 3569 3576
174 4.0053 -14.8114 4.24514 -0.668372 -0.297462 0.277206 0.622858 3420 3423 3424 3448 3449 3464 3465 3466 3467 3468 3469 3474 3475 3476 3477 3490 3491 3492 3493 3499 3500 3501 3502 3508
175 4.77385 -13.006 4.63213 -0.524599 -0.491087 0.475264 0.507695 3419 3420 3421 3422 3423 3424 3446 3447 3448 3449 3454 3455 3464 3465 3466 3467 3468 3469 3474 3475 3476 3477 3478 3479 3490 3491 3492 3493 3498 3499 3500 3501 3502 3503 3508 3509 3534 3535 3536 3537 3538 3539 3544 3545 3546 3547 3548 3549 3558 3559 3560 3561 3566 3567 3568 3569 3570 3571 3576 3577
176 4.0498 -14.2272 4.4525 -0.684757 -0.317605 0.275989 0.595033 3464 3465 3466 3467 3468 3469 3474 3475 3476 3477 3478 3479 3490 3491 3492 3493 3500 3501 3502 3503 3508 3509 3534 3536 3537 3559 3566
177 4.76982 -12.56 4.6312 -0.52893 -0.486259 0.470738 0.512046 3420 3423 3424 3448 3449 3455 3464 3465 3466 3467 3468 3469 3474 3475 3476 3477 3478 3479 3490 3491 3492 3493 3498 3499 3500 3501 3502 3503 3508 3509 3534 3535 3536 3537 3538 3539 3544 3545 3546 3547 3548 3549 3558 3559 3560 3561 3566 3567 3568 3569 3570 3571 3576 3577 3586 3588 3589 3610 3611 3618
178 0.809146 -13.9775 9.48238 0.804448 0.586751 -0.0546097 -0.074871 445 447 455 457 458 459 460 461 462 463 464 465 497 499 507 509 510 511 512 513 514 515 516 565 567 584 1397 3361 3363 3381 3382 3383 3425 3426 3427 3428 3429 3430 3431 3432 3440 3442 3443 3451 3453 3454 3455 3480 3481 3482 3483 3484 3486 3487 3495 3497 3498 3499 3505 3507 3508 3509 3552 3553 3563 3566 4447 4448
179 2.12721 -14.7281 9.05271 0.848219 0.447577 -0.132162 -0.250466 460 461 462 463 464 465 510 512 513 514 516 517 3425 3426 3427 3428 3429 3430 3431 3432 3440 3441 3442 3443 3451 3453 3454 3455 3480 3481 3482 3483 3484 3485 3486 3487 3495 3497 3498 3499 3505 3507 3508 3509 3566 4447
180 2.21174 -14.0011 9.0787 0.814574 0.51049 -0.146269 -0.233397 461 463 464 465 510 512 513 516 3426 3428 3429 3430 3431 3432 3442 3443 3451 3453 3454 3455 3480 3481 3482 3483 3484 3486 3487 3495 3497 3498 3499 3505 3507 3508 3509 3552 3556 3563 3565 3566 3567 3576 4447 4448
181 0.569166 -13.0481 9.51049 0.904015 0.422911 -0.0264734 -0.0565895 455 457 461 462 463 464 465 497 499 507 509 510 511 512 513 514 516 565 567 575 577 582 583 584 585 1397 3425 3426 3428 3429 3430 3431 3432 3451 3453 3454 3455 3480 3481 3482 3483 3484 3486 3487 3495 3497 3498 3505 3507 3509 3552 3553 3554 3555 3556 3557 3563 3565 3566 3573 3575 3602 3604 4447 4448
182 0.685334 -13.1512 9.38469 0.962995 0.218565 -0.0349046 -0.15379 462 463 464 465 497 499 507 509 510 511 512 513 514 516 565 567 575 577 582 583 584 585 630 1397 3430 3432 3480 3481 3482 3483 3484 3486 3487 3495 3497 3498 3499 3505 3507 3508 3509 3552 3553 3554 3555 3556 3557 3563 3565 3566 3567 3573 3575 3576 3577 3602 3604 3618 3619 4447 4448
183 2.34327 -13.3832 9.0303 0.785032 0.547531 -0.165736 -0.237627 464 465 512 513 516 583 584 3429 3430 3431 3432 3443 3451 3453 3454 3455 3480 3481 3482 3483 3484 3486 3487 3495 3497 3498 3499 3505 3507 3508 3509 3551 3552 3553 3554 3556 3563 3565 3566 3567 3573 3576 3577 4447 4448
184 2.07342 -13.6051 8.91102 0.87498 0.361378 -0.122997 -0.297804 465 512 513 516 1397 3430 3432 3453 3480 3481 3482 3483 3484 3486 3487 3495 3497 3498 3499 3505 3507 3508 3509 3552 3553 3563 3565 3566 3567 3576 3577 4447 4448
185 4.71443 -13.9125 5.65832 0.559247 0.539732 -0.436964 -0.452763 3351 3354 3355 3381 3409 3410 3411 3412 3413 3414 3419 3420 3421 3422 3423 3424 3435 3436 3437 3438 3440 3442 3443 3446 3447 3448 3449 3451 3453 3454 3455 3464 3465 3466 3467 3468 3469 3474 3475 3476 3477 3478 3479 3490 3491 3492 3493 3495 3497 3498 3499 3500 3501 3502 3503 3505 3507 3508 3509 3534 3535 3536 3537 3538 3539 3558 3559 3560 3561 3563 3565 3566
186 3.73001 -15.7716 6.69616 -0.77011 -0.317235 0.210796 0.51172 3412 3424 3428 3435 3436 3437 3438 3443 3446 3447 3448 3449 3451 3453 3454 3455 3490 3491 3495 3497 3498 4447
187 4.63369 -13.3986 5.96104 0.581046 0.562944 -0.408991 -0.422143 3409 3410 3411 3412 3413 3414 3419 3420 3421 3422 3423 3424 3437 3438 3443 3446 3447 3448 3449 3451 3453 3454 3455 3464 3465 3466 3467 3468 3469 3474 3475 3476 3477 3478 3479 3490 3491 3492 3493 3495 3497 3498 3499 3500 3501 3502 3503 3505 3507 3508 3509 3534 3535 3536 3537 3538 3539 3544 3546 3547 3558 3559 3560 3561 3563 3565 3566 3567 3568 3573
188 4.04698 -14.5856 7.03007 0.747473 0.436629 -0.252518 -0.432289 3422 3424 3437 3438 3446 3447 3448 3449 3451 3453 3454 3455 3469 3479 3490 3491 3492 3493 3495 3497 3498 3499 3500 3501 3502 3503 3505 3507 3508 3509 3563 3565 3566 4447 4448
189 2.67175 -16.0426 7.47507 0.827257 0.236302 -0.139998 -0.49011 3428 3439 3440 3441 3442 3443 3450 3451 3454 3455 4447
190 2.84873 -15.3058 7.63256 0.827494 0.285822 -0.157781 -0.456798 3441 3443 3450 3451 3452 3453 3454 3455 3494 3495 3498 4447
191 4.74026 -12.9625 5.50808 0.551884 0.523882 -0.446694 -0.47057 3410 3413 3419 3420 3421 3422 3423 3424 3446 3447 3448 3449 3451 3453 3454 3455 3464 3465 3466 3467 3468 3469 3474 3475 3476 3477 3478 3479 3490 3491 3492 3493 3495 3497 3498 3499 3500 3501 3502 3503 3505 3507 3508 3509 3534 3535 3536 3537 3538 3539 3544 3545 3546 3547 3548 3549 3558 3559 3560 3561 3563 3565 3566 3567 3568 3569 3570 3571 3573 3575 3576
192 3.86441 -14.3998 6.99358 0.772855 0.382064 -0.224539 -0.454207 3424 3446 3447 3448 3449 3453 3455 3490 3491 3492 3493 3495 3497 3498 3499 3500 3501 3502 3503 3505 3507 3508 3509 3563 4447 4448
193 4.7125 -12.5748 5.61791 0.570712 0.521173 -0.427904 -0.468578 3419 3420 3421 3423 3424 3448 3449 3453 3455 3464 3465 3466 3467 3468 3469 3474 3475 3476 3477 3478 3479 3490 3491 3492 3493 3495 3497 3498 3499 3500 3501 3502 3503 3505 3507 3508 3509 3534 3535 3536 3537 3538 3539 3544 3545 3546 3547 3548 3549 3558 3559 3560 3561 3563 3565 3566 3567 3568 3569 3570 3571 3573 3575 3576 3577 3586 3588 3589 3610 3611 3615 3618
194 3.9019 -13.8783 6.96261 0.767268 0.386544 -0.230245 -0.457024 3448 3449 3467 3490 3491 3492 3493 3495 3497 3498 3499 3500 3501 3502 3503 3505 3507 3508 3509 3558 3559 3563 3565 3566 4447 4448
195 3.22781 -14.0429 7.95474 0.793573 0.436326 -0.204332 -0.371631 3450 3452 3453 3454 3455 3494 3495 3496 3497 3498 3499 3504 3505 3506 3507 3508 3509 4447 4448
196 2.38214 -14.8451 7.19773 -0.815673 -0.169258 0.112399 0.541661 3452 3453 3455 3494 3495 3498 4447
197 4.21218 -13.8778 7.43048 0.716906 0.467769 -0.282487 -0.432942 3414 3424 3446 3447 3448 3449 3451 3453 3454 3455 3469 3477 3490 3491 3492 3493 3495 3497 3498 3499 3500 3501 3502 3503 3505 3507 3508 3509 3539 3558 3559 3560 3561 3563 3565 3566 3567 3569 3573 3575 4447 4448
198 4.07367 -13.7225 7.35618 0.741173 0.413571 -0.257665 -0.461768 3448 3449 3455 3490 3491 3492 3493 3495 3497 3498 3499 3500 3501 3502 3503 3505 3507 3508 3509 3558 3559 3560 3563 3565 3566 3573 3576 4447 4448
199 4.18897 -13.5984 4.08039 -0.636688 -0.31996 0.315041 0.6269 3462 3465 3468 3469 3474 3475 3476 3477 3478 3479 3492 3493 3500 3501 3502 3503 3508 3509 3534 3535 3536 3537 3538 3539 3544 3546 3547 3558 3559 3560 3561 3566 3567 3568 3576
200 4.75053 -12.2292 4.43102 -0.524706 -0.455562 0.471462 0.54302 3464 3465 3466 3467 3468 3469 3474 3475 3476 3477 3478 3479 3490 3491 3492 3493 3498 3499 3500 3501 3502 3503 3508 3509 3534 3535 3536 3537 3538 3539 3544 3545 3546 3547 3548 3549 3558 3559 3560 3561 3566 3567 3568 3569 3570 3571 3576 3577 3586 3587 3588 3589 3590 3591 3610 3611 3612 3613 3618 3619
201 4.26682 -12.9513 4.38953 -0.658681 -0.354133 0.314371 0.584722 3474 3475 3476 3477 3478 3479 3500 3501 3502 3503 3534 3535 3536 3537 3538 3539 3544 3545 3546 3547 3549 3558 3559 3560 3561 3566 3567 3568 3569 3570 3571 3576 3589
202 4.77646 -11.4768 4.46526 -0.507937 -0.480165 0.491281 0.519696 3465 3468 3469 3474 3475 3476 3477 3478 3479 3492 3493 3499 3500 3501 3502 3503 3508 3509 3534 3535 3536 3537 3538 3539 3544 3545 3546 3547 3548 3549 3558 3559 3560 3561 3566 3567 3568 3569 3570 3571 3576 3577 3586 3587 3588 3589 3590 3591 3596 3598 3599 3610 3611 3612 3613 3618 3619 3620 3621 3628
203 4.2198 -12.469 4.58084 -0.679696 -0.3594 0.298887 0.565253 3474 3475 3478 3479 3502 3503 3534 3535 3536 3537 3538 3539 3544 3545 3546 3547 3548 3549 3558 3559 3560 3561 3567 3568 3569 3570 3571 3576 3577 3589 3610 3611 3612 3642 3677 3762 3765
204 4.75467 -11.2095 4.58079 -0.536526 -0.468992 0.46172 0.528206 3474 3475 3476 3477 3478 3479 3500 3501 3502 3503 3508 3509 3534 3535 3536 3537 3538 3539 3544 3545 3546 3547 3548 3549 3558 3559 3560 3561 3566 3567 3568 3569 3570 3571 3576 3577 3586 3587 3588 3589 3590 3591 3596 3597 3598 3599 3600 3601 3610 3611 3612 3613 3618 3619 3620 3621 3622 3623 3628 3629 3640
205 3.92511 -12.176 4.99251 -0.739333 -0.336384 0.241562 0.530925 3475 3534 3535 3536 3537 3538 3539 3544 3545 3546 3547 3548 3549 3558 3559 3560 3561 3568 3569 3570 3571 3577 3586 3588 3589 3610 3611 3677 3762 3765
206 4.77488 -10.431 4.36806 -0.495832 -0.47593 0.50301 0.524044 3475 3478 3479 3502 3503 3508 3509 3534 3535 3536 3537 3538 3539 3544 3545 3546 3547 3548 3549 3558 3559 3560 3561 3566 3567 3568 3569 3570 3571 3576 3577 3586 3587 3588 3589 3590 3591 3596 3597 3598 3599 3600 3601 3610 3611 3612 3613 3618 3619 3620 3621 3622 3623 3628 3629 3642 3677 3678 3681 3682 3699 3700 3707
207 0.665493 -12.6259 9.39479 0.964662 0.215036 -0.0331304 -0.148625 463 465 497 499 507 509 510 511 512 513 514 516 565 567 575 577 582 583 584 585 617 630 632 1397 3480 3481 3482 3483 3484 3486 3487 3497 3499 3505 3507 3508 3509 3552 3553 3554 3555 3556 3557 3563 3565 3566 3567 3573 3575 3576 3577 3602 3603 3604 3615 3617 3618 3619 3628 4447 4448
208 0.619906 -11.8304 9.46875 0.953804 0.281776 -0.0295246 -0.0999401 499 507 509 510 511 512 513 514 516 565 567 575 577 579 581 582 583 584 585 617 619 627 630 631 632 633 634 636 1397 3480 3481 3483 3484 3486 3487 3505 3507 3508 3509 3551 3552 3553 3554 3555 3556 3557 3563 3565 3566 3567 3573 3575 3576 3577 3602 3603 3604 3605 3606 3607 3608 3615 3617 3618 3619 3625 3629 3707 4447 4448
209 1.9939 -13.4461 8.73598 0.884293 0.291612 -0.114208 -0.346329 513 516 3480 3481 3482 3483 3484 3486 3487 3495 3497 3499 3505 3507 3508 3509 3552 3553 3554 3556 3563 3565 3566 3567 3573 3576 4447 4448
210 2.17603 -11.9127 9.12068 0.806683 0.52952 -0.144011 -0.21939 511 513 579 581 582 584 585 631 632 633 3481 3483 3484 3486 3487 3497 3498 3499 3505 3507 3508 3509 3551 3552 3553 3554 3555 3556 3557 3563 3565 3566 3567 3573 3575 3576 3577 3602 3603 3604 3605 3615 3617 3618 3619 3628 4447 4448
211 0.571498 -11.342 9.33531 0.974157 0.133857 -0.0247667 -0.180242 509 565 567 575 577 579 581 582 583 584 585 617 619 627 630 631 632 633 634 635 636 637 1397 3551 3552 3553 3554 3555 3556 3557 3563 3565 3567 3573 3575 3602 3603 3604 3605 3606 3607 3608 3609 3615 3617 3625 3627 3690 3692 4448
212 2.19846 -11.1763 9.15273 0.765471 0.59205 -0.154206 -0.199376 511 579 581 582 583 584 585 630 631 632 633 634 636 637 3484 3486 3487 3499 3505 3507 3508 3509 3551 3552 3553 3554 3555 3556 3557 3563 3565 3566 3567 3573 3575 3576 3577 3602 3603 3604 3605 3606 3607 3608 3609 3615 3617 3618 3619 3625 3627 3628 3629 4447 4448
213 2.0925 -11.5844 8.91176 0.872238 0.368116 -0.125207 -0.296673 579 581 584 585 632 633 3487 3507 3551 3552 3553 3554 3555 3556 3557 3563 3565 3566 3567 3573 3575 3576 3577 3602 3603 3604 3605 3615 3617 3618 3619 3628 4448
214 4.72081 -11.9047 5.62885 0.556236 0.538292 -0.440286 -0.454963 3420 3423 3424 3453 3464 3465 3466 3467 3468 3469 3474 3475 3476 3477 3478 3479 3490 3491 3492 3493 3495 3497 3498 3499 3500 3501 3502 3503 3505 3507 3508 3509 3534 3535 3536 3537 3538 3539 3544 3545 3546 3547 3548 3549 3558 3559 3560 3561 3563 3565 3566 3567 3568 3569 3570 3571 3573 3575 3576 3577 3586 3587 3588 3589 3590 3591 3610 3611 3612 3613 3615 3617 3618
215 3.77649 -13.5901 6.89302 0.77799 0.348209 -0.21364 -0.477326 3467 3469 3479 3490 3491 3492 3493 3497 3499 3500 3501 3502 3503 3505 3507 3508 3509 3537 3558 3559 3560 3561 3563 3565 3566 4447 4448
216 4.70921 -11.5088 5.6593 0.56812 0.53054 -0.429374 -0.459788 3464 3465 3466 3468 3469 3474 3475 3476 3477 3478 3479 3492 3493 3497 3499 3500 3501 3502 3503 3505 3507 3508 3509 3534 3535 3536 3537 3538 3539 3544 3545 3546 3547 3548 3549 3558 3559 3560 3561 3563 3565 3566 3567 3568 3569 3570 3571 3573 3575 3576 3577 3586 3587 3588 3589 3590 3591 3596 3598 3599 3610 3611 3612 3613 3615 3617 3618 3619 3620 3621 3625 3640
217 4.06868 -12.5973 6.98633 0.743794 0.434557 -0.256198 -0.438512 3469 3492 3493 3500 3501 3502 3503 3505 3507 3508 3509 3537 3549 3558 3559 3560 3561 3563 3565 3566 3567 3568 3569 3570 3571 3573 3575 3576 3577 3615 3618 4447 4448
218 2.8144 -13.8422 7.6199 0.829088 0.277388 -0.154027 -0.460374 3494 3497 3498 3499 3504 3505 3506 3507 3508 3509 4447 4448
219 2.80074 -13.3306 7.64762 0.831807 0.277578 -0.152155 -0.455957 3496 3499 3504 3505 3506 3507 3508 3509 3562 3563 3566 4447 4448
220 3.95604 -13.456 7.28239 0.75358 0.374429 -0.240414 -0.483861 3469 3490 3491 3492 3493 3497 3498 3499 3500 3501 3502 3503 3505 3507 3508 3509 3558 3559 3560 3561 3563 3565 3566 3567 3569 3573 3575 4447 4448
221 4.19859 -12.3004 7.50901 0.717315 0.480946 -0.280747 -0.418725 3492 3493 3497 3499 3500 3501 3502 3503 3505 3507 3508 3509 3558 3559 3560 3561 3563 3565 3566 3567 3568 3569 3570 3571 3573 3575 3576 3577 3610 3611 3612 3615 3617 3618 4447 4448
222 4.71756 -10.9143 5.64311 0.558226 0.53844 -0.438231 -0.454334 3465 3468 3469 3474 3475 3476 3477 3478 3479 3497 3500 3501 3502 3503 3505 3507 3508 3509 3534 3535 3536 3537 3538 3539 3544 3545 3546 3547 3548 3549 3558 3559 3560 3561 3563 3565 3566 3567 3568 3569 3570 3571 3573 3575 3576 3577 3586 3587 3588 3589 3590 3591 3596 3597 3598 3599 3600 3601 3610 3611 3612 3613 3615 3617 3618 3619 3620 3621 3622 3623 3625 3627 3628 3640 3642
223 4.17995 -11.7153 7.09182 0.717075 0.495435 -0.278676 -0.403345 3500 3501 3502 3503 3507 3509 3537 3539 3547 3548 3558 3559 3560 3561 3563 3565 3566 3567 3568 3569 3570 3571 3573 3575 3576 3577 3591 3610 3611 3612 3613 3615 3617 3618 3619 3625 3627 3628 3762 4447 4448
224 4.70327 -10.4956 5.69044 0.569383 0.534065 -0.427551 -0.455826 3474 3475 3476 3478 3479 3502 3503 3507 3509 3534 3535 3536 3537 3538 3539 3544 3545 3546 3547 3548 3549 3558 3559 3560 3561 3563 3565 3566 3567 3568 3569 3570 3571 3573 3575 3576 3577 3586 3587 3588 3589 3590 3591 3596 3597 3598 3599 3600 3601 3610 3611 3612 3613 3615 3617 3618 3619 3620 3621 3622 3623 3625 3627 3628 3629 3642 3677 3678 3679 3681 3682 3699 3700 3704
225 3.93544 -11.8377 6.95649 0.762852 0.393895 -0.235243 -0.455593 3502 3503 3539 3547 3558 3559 3560 3561 3563 3565 3566 3567 3568 3569 3570 3571 3573 3575 3576 3577 3610 3611 3615 3617 3618 4448
226 3.08086 -12.3035 7.91235 0.816329 0.382988 -0.183635 -0.391414 3504 3506 3507 3508 3509 3562 3563 3565 3566 3567 3573 3574 3576 3577 4447 4448
227 2.60281 -12.6033 7.44413 0.82828 0.221336 -0.132889 -0.497296 3507 3509 3563 3565 3566 3567
228 2.82349 -11.3217 8.89969 0.832327 0.448919 -0.154338 -0.286153 632 3485 3487 3507 3508 3509 3550 3551 3552 3553 3554 3555 3556 3557 3563 3565 3566 3567 3573 3575 3576 3577 3604 3605 3606 3615 3617 3618 3619 3628 3629 4448
229 3.75262 -12.473 7.56546 0.788233 0.365987 -0.20834 -0.448706 3501 3502 3503 3507 3508 3509 3559 3561 3563 3565 3566 3567 3569 3571 3573 3575 3576 4447 4448
230 3.38274 -12.386 7.49031 0.815808 0.277831 -0.163515 -0.480136 3509 3561 3563 3565 3566 3567 3569 3573 3575 3576
231 3.58244 -11.9976 5.01663 -0.766962 -0.274877 0.195628 0.545841 3534 3535 3536 3538 3539 3544 3545 3546 3547 3548 3549 3560 3561 3568 3569 3570 3571 3642 3765
232 4.73174 -10.3373 4.67209 -0.554683 -0.464066 0.443161 0.529696 3534 3535 3536 3537 3538 3539 3544 3545 3546 3547 3548 3549 3558 3559 3560 3561 3566 3567 3568 3569 3570 3571 3576 3577 3586 3587 3588 3589 3590 3591 3596 3597 3598 3599 3600 3601 3610 3611 3612 3613 3618 3619 3620 3621 3622 3623 3628 3629 3642 3643 3677 3678 3679 3680 3681 3682 3683 3684 3687 3699 3700 3701 3702 3707 3708
233 3.60961 -11.6327 4.54119 -0.722514 -0.25004 0.210795 0.609113 3535 3544 3545 3546 3547 3548 3549 3568 3569 3570 3571 3586 3588 3589 3610 3611 3618 3640 3642 3677 3762 3765
234 4.65261 -10.1224 4.84496 -0.592621 -0.447931 0.403663 0.534054 3535 3538 3539 3544 3545 3546 3547 3548 3549 3560 3561 3567 3568 3569 3570 3571 3576 3577 3586 3587 3588 3589 3590 3591 3596 3597 3598 3599 3600 3601 3610 3611 3612 3613 3618 3619 3620 3621 3622 3623 3628 3629 3642 3643 3668 3677 3678 3679 3680 3681 3682 3683 3684 3687 3699 3700 3701 3702 3707 3708 3711 3762 3765
235 2.66852 -11.6571 4.34839 -0.734804 -0.111697 0.100542 0.661421 3544 3546 3547 3568 3642 3762 3765
236 4.5592 -9.58653 5.35943 0.636243 0.482474 -0.363753 -0.479684 3544 3545 3546 3547 3548 3549 3568 3570 3571 3575 3577 3586 3587 3588 3589 3590 3591 3596 3597 3598 3599 3600 3601 3610 3611 3612 3613 3618 3619 3620 3621 3622 3623 3628 3629 3642 3677 3678 3679 3680 3681 3682 3683 3684 3685 3686 3687 3699 3700 3701 3702 3704 3706 3707 3708 3711 3712 3713 3714 3719 3761 3762 3765
237 3.13682 -10.9361 4.5431 -0.743203 -0.180315 0.151914 0.626145 3545 3548 3549 3586 3587 3588 3589 3591 3610 3613 3642 3762 3765 3776 3788
238 4.27292 -9.60202 5.59299 0.702963 0.427032 -0.295291 -0.486097 3545 3548 3549 3586 3587 3588 3589 3590 3591 3596 3597 3598 3599 3600 3601 3610 3611 3612 3613 3617 3618 3619 3620 3621 3622 3623 3625 3627 3628 3629 3678 3679 3680 3681 3682 3683 3684 3685 3686 3699 3700 3701 3702 3704 3706 3707 3708 3711 3716 3744 3761 3762 3765 3776
239 0.613342 -10.8945 9.31067 0.970486 0.144742 -0.0284534 -0.190778 565 567 575 577 579 581 582 583 584 585 617 619 627 629 630 631 632 633 634 635 636 637 1128 1142 1143 1397 3551 3553 3554 3555 3556 3557 3565 3567 3573 3575 3577 3602 3603 3604 3605 3606 3607 3608 3609 3615 3617 3618 3625 3627 3628 3704
240 0.766544 -9.62936 9.47706 0.876798 0.470905 -0.0460546 -0.085751 567 575 577 579 581 582 583 584 585 617 619 627 629 630 631 632 633 634 635 636 637 1128 1130 1138 1140 1141 1142 1143 1144 1145 1147 3551 3552 3553 3554 3555 3556 3557 3565 3567 3573 3575 3576 3577 3602 3603 3604 3605 3606 3607 3608 3609 3615 3617 3618 3619 3625 3627 3628 3629 3690 3691 3692 3693 3694 3696 3704 3706 3707 3708 3719
241 2.16761 -10.7458 9.02414 0.844919 0.448498 -0.136663 -0.257458 581 582 584 585 630 632 633 636 637 3551 3552 3553 3554 3555 3556 3557 3563 3565 3566 3567 3573 3575 3576 3577 3602 3603 3604 3605 3606 3607 3608 3609 3615 3617 3618 3619 3625 3627 3628 3629 3707
242 2.21559 -9.98495 9.08087 0.812117 0.514742 -0.147106 -0.232092 579 581 583 584 585 630 632 633 635 636 637 1141 1143 3551 3553 3554 3555 3556 3557 3565 3566 3567 3573 3575 3576 3577 3602 3603 3604 3605 3606 3607 3608 3609 3615 3617 3618 3619 3625 3627 3628 3629 3690 3691 3692 3693 3704 3706 3707 3708 3719 3765 3776
243 0.87292 -8.79241 9.47509 0.694074 0.713063 -0.0709509 -0.0690615 567 575 577 579 581 582 583 584 585 617 619 627 629 630 631 632 633 634 635 636 637 1128 1130 1138 1140 1141 1142 1143 1144 1145 1146 1147 1148 3551 3554 3555 3556 3557 3567 3573 3575 3576 3577 3602 3603 3604 3605 3606 3607 3608 3609 3615 3617 3618 3619 3625 3627 3628 3629 3690 3691 3692 3693 3694 3695 3696 3704 3706 3707 3708 3716 3719 3720 3788 3795
244 0.656018 -8.94421 9.44179 0.95743 0.260721 -0.0325559 -0.119553 577 582 583 584 585 617 619 627 629 630 631 632 633 634 635 636 637 1128 1130 1138 1140 1141 1142 1143 1144 1145 1146 1147 1148 1164 1177 3555 3557 3602 3603 3604 3605 3606 3607 3608 3609 3615 3617 3618 3619 3625 3627 3628 3629 3690 3691 3692 3693 3694 3695 3696 3697 3704 3706 3707 3708 3716 3718 3719 3720 3729 3731 3744 3747 3748
245 2.43997 -8.99012 9.02751 0.712521 0.638681 -0.193911 -0.21633 583 584 632 637 1143 1144 1147 3551 3554 3555 3556 3557 3573 3575 3576 3577 3602 3603 3604 3605 3606 3607 3608 3609 3615 3617 3618 3619 3625 3627 3628 3629 3690 3691 3692 3693 3694 3695 3696 3697 3704 3706 3707 3708 3716 3719 3765 3766 3774 3775 3776
246 2.1565 -9.36654 8.98155 0.854927 0.420761 -0.133981 -0.27223 585 630 632 633 634 635 636 637 1143 1144 1147 3555 3557 3575 3602 3603 3604 3605 3606 3607 3608 3609 3615 3617 3618 3619 3625 3627 3628 3629 3690 3691 3692 3693 3696 3704 3706 3707 3708 3716 3718 3719 3720 3765 3788
247 4.71623 -10.0263 5.61929 0.566491 0.525977 -0.431642 -0.464889 3475 3478 3534 3535 3536 3537 3538 3539 3544 3545 3546 3547 3548 3549 3558 3559 3560 3561 3563 3565 3566 3567 3568 3569 3570 3571 3573 3575 3576 3577 3586 3587 3588 3589 3590 3591 3596 3597 3598 3599 3600 3601 3610 3611 3612 3613 3615 3617 3618 3619 3620 3621 3622 3623 3625 3627 3628 3629 3677 3678 3679 3680 3681 3682 3683 3684 3699 3700 3701 3702 3704 3706 3707 3708
248 3.63947 -11.7999 6.79235 -0.783823 -0.308805 0.197482 0.50126 3558 3559 3560 3561 3565 3567 3568 3569 3570 3571 3573 3575 3576 3577 3610 3615 3617 3618 3625
249 4.70488 -9.51341 5.67781 0.570007 0.531422 -0.427319 -0.458346 3534 3535 3536 3538 3539 3544 3545 3546 3547 3548 3549 3560 3561 3565 3567 3568 3569 3570 3571 3573 3575 3576 3577 3586 3587 3588 3589 3590 3591 3596 3597 3598 3599 3600 3601 3610 3611 3612 3613 3615 3617 3618 3619 3620 3621 3622 3623 3625 3627 3628 3629 3642 3677 3678 3680 3681 3682 3683 3684 3685 3686 3687 3699 3700 3701 3702 3704 3706 3707 3708 3711 3712 3716 3761
250 4.03355 -10.6202 7.02036 0.749722 0.43088 -0.250267 -0.435459 3539 3560 3561 3568 3569 3570 3571 3573 3575 3576 3577 3591 3601 3610 3611 3612 3613 3615 3617 3618 3619 3620 3621 3622 3623 3625 3627 3628 3704 3761 3762 3765 3776
251 2.57473 -12.1446 7.40169 -0.82611 -0.213323 0.130405 0.505005 3562 3563 3564 3565 3566 3567 3572 3573 3576
252 2.90797 -9.81676 9.05504 0.680051 0.676549 -0.199248 -0.20028 632 3485 3487 3507 3509 3550 3551 3552 3553 3555 3556 3557 3563 3565 3566 3567 3573 3575 3576 3577 3602 3603 3604 3605 3606 3607 3608 3609 3615 3617 3618 3619 3625 3627 3628 3629 3690 3691 3692 3693 3704 3706 3707 3708 3765 3766 4447 4448
253 2.77511 -11.3285 7.67387 0.835231 0.275164 -0.148974 -0.452195 3564 3567 3573 3574 3575 3576 3577 3614 3615 3618
254 2.85128 -9.96597 9.0047 0.795046 0.528868 -0.164488 -0.247275 3551 3553 3555 3556 3557 3565 3566 3567 3573 3575 3576 3577 3602 3603 3604 3605 3606 3607 3608 3609 3615 3617 3618 3619 3625 3627 3628 3629 3690 3692 3693 3704 3706 3707 3708
255 3.39572 -11.8627 7.50885 0.816191 0.282235 -0.164763 -0.476476 3561 3565 3566 3567 3573 3575 3576 3577 3615
256 3.82574 -10.4972 7.88047 0.779071 0.448115 -0.218611 -0.380066 3561 3567 3569 3571 3573 3575 3576 3577 3613 3615 3617 3618 3619 3621 3623 3625 3627 3628 3704 3765 3776
257 4.69845 -9.02828 5.7016 0.573257 0.531657 -0.423963 -0.457136 3535 3538 3544 3545 3546 3547 3548 3549 3568 3569 3570 3571 3573 3575 3576 3577 3586 3587 3588 3589 3590 3591 3596 3597 3598 3599 3600 3601 3610 3611 3612 3613 3615 3617 3618 3619 3620 3621 3622 3623 3625 3627 3628 3629 3677 3678 3679 3680 3681 3682 3683 3684 3687 3689 3699 3700 3701 3702 3704 3706 3707 3708 3711 3712 3713 3714 3716 3718 3719 3762 3763 3765
258 3.96476 -10.2475 7.00507 0.76006 0.40927 -0.239321 -0.444446 3549 3568 3569 3570 3571 3575 3577 3589 3591 3610 3611 3612 3613 3615 3617 3618 3619 3620 3621 3622 3623 3625 3627 3628 3629 3682 3704 3706 3707 3761 3762 3765 3776 3786 3787
259 4.67978 -8.87247 5.5673 0.59221 0.488042 -0.407767 -0.494801 3545 3548 3549 3570 3571 3575 3577 3586 3587 3588 3589 3590 3591 3596 3597 3598 3599 3600 3601 3610 3611 3612 3613 3615 3617 3618 3619 3620 3621 3622 3623 3625 3627 3628 3629 3642 3677 3678 3679 3680 3681 3682 3683 3684 3687 3689 3699 3700 3701 3702 3704 3706 3707 3708 3711 3712 3713 3714 3716 3718 3719 3720 3722 3724 3740 3741 3744 3746 3747 3761 3762 3764 3765 3766
260 3.85703 -10.0209 6.86104 0.768194 0.362032 -0.225101 -0.477641 3549 3570 3571 3589 3591 3599 3601 3610 3611 3612 3613 3615 3617 3618 3619 3620 3621 3622 3623 3625 3627 3628 3629 3699 3700 3704 3707 3761 3762 3765 3776 3786 3787 3788
261 3.18761 -10.0171 8.01067 0.79804 0.438853 -0.198991 -0.361859 3572 3575 3576 3577 3615 3616 3617 3618 3619 3624 3625 3626 3627 3628 3629 3704 3765 3766 3776
262 2.86263 -8.75286 9.08312 0.667987 0.691853 -0.197191 -0.190389 632 636 637 1143 1147 3551 3553 3554 3555 3556 3557 3565 3567 3573 3575 3576 3577 3602 3603 3604 3605 3606 3608 3609 3615 3617 3618 3619 3625 3627 3628 3629 3690 3691 3692 3693 3694 3695 3696 3697 3704 3706 3707 3708 3716 3719 3720 3765 3766 3774 3775 3776 3777
263 2.6165 -10.5839 7.46247 0.829089 0.225177 -0.134135 -0.493877 3574 3575 3577 3614 3615 3617 3618 3619 3628 3765
264 2.78111 -9.29352 8.9385 0.835299 0.4506 -0.14956 -0.277248 1147 3555 3557 3575 3576 3577 3602 3603 3604 3605 3606 3607 3608 3609 3615 3617 3618 3619 3625 3627 3628 3629 3690 3691 3692 3693 3694 3695 3696 3704 3706 3707 3708 3716 3719 3720 3765 3788
265 3.89483 -9.55904 8.02698 0.745246 0.526106 -0.236259 -0.334668 3573 3575 3576 3577 3615 3617 3618 3619 3625 3627 3628 3629 3704 3706 3707 3708 3718 3765 3766 3774 3775 3776 3777 3782
266 3.17375 -10.5943 7.38936 -0.820349 -0.230081 0.14138 0.504086 3577 3615 3617 3618 3619 3625 3765
267 1.64957 -14.5315 8.51286 0.831358 0.235236 -0.137084 -0.484475 465 512 513 516 3430 3480 3481 3482 3483 3484 3486 3487 3495 3497 3499 3505 3507 3508 3509 3566 4447
