3 0.610524 -27.4376 7.54376 0.962851 0.166601 -0.0362324 -0.209401 2948 6 3082 2957 2958 2959 16 2961 18 19 2977 48 2992 2993 51 2994 2997 54 2999 56 3001 59 3003 3004 3005 64 66
13 0.604902 -26.0848 8.47653 0.960275 0.146651 -0.0358418 -0.234693 6 3080 137 138 3083 2957 2958 2959 16 2961 18 19 148 149 150 151 152 2977 2991 2992 2994 2999 56 3000 3001 59 188 3002 3003 3005 64 65 66 67 3007 3066 3067 3068 3069 3070
16 0.463917 -25.0254 9.20374 0.976159 0.169166 -0.0232228 -0.134005 3072 3074 3076 3130 3080 137 138 3083 3084 2957 2961 18 3091 148 3092 150 24 152 154 156 157 158 2977 2991 2992 3119 2994 54 2999 56 3000 3001 59 188 3002 3003 3005 64 65 66 67 3007 3127 3066 3068 3069 3071
30 0.466745 -21.9536 9.79609 0.883952 0.464245 -0.0259117 -0.0493375 3072 3074 259 3076 261 3082 3083 3084 269 272 273 274 275 276 277 278 3088 152 3090 154 3091 156 157 158 3117 3118 3119 3120 3121 3122 3123 3124 2999 3000 3001 3002 3127 3130 3005 191 64 65 66 67 3137 3092 3139 199 201 203 205 206 207 208 209 210 211 3180 3181 3182 3183 3184 3185 3186 3195 3068 3197 3071
49 2.03624 -17.2635 8.99665 0.687952 0.688265 -0.162844 -0.16277 3204 3205 272 274 275 277 278 279 3230 3231 3232 3233 3234 3235 3236 3237 3244 3245 3252 3254 3255 445 446 449 324 325 326 327 328 329 330 331 3297 3298 3299 3300 3301 3181 3183 3184 3185 3186 3187 3313 3314 3321 3197
271 3.04206 -16.7792 8.67622 0.671152 0.665685 -0.229725 -0.231612 3204 3205 3232 3233 3236 3244 3245 3252 3254 3255 3297 3300 3303 3304 3312 3313 3186 3187 3314 3322 3196 3325
61 2.05615 -14.8233 8.98592 0.70221 0.672383 -0.161901 -0.169083 3351 3352 3353 3354 3355 3356 3357 3234 3235 3236 3237 3365 3367 3368 3369 3375 3378 3254 3255 443 444 445 446 447 449 450 325 327 330 331 3297 3298 3299 3300 3301 3302 3303 3304 495 3312 497 498 3313 500 501 502 3314 3322 3324 3325 3326
57 0.503316 -15.7682 9.79851 0.710796 0.701475 -0.0365117 -0.0369969 3204 3205 271 277 279 3351 3352 3353 3354 3230 3231 3232 3233 3234 3235 3236 3237 3365 3367 3368 3369 3244 3245 431 433 3378 3252 3254 311 440 313 442 443 444 445 446 447 448 321 449 323 324 325 326 327 328 329 330 331 450 3297 482 3298 484 3299 3300 3301 3302 3303 3304 495 496 497 498 3185 3187 3312 3313 3314 3255 3322 3324 3325
75 0.49474 -12.717 9.79903 0.649611 0.758544 -0.0388503 -0.0332711 3435 3436 3351 3352 3353 3354 3355 3357 3358 3488 4281 3365 550 3367 552 3368 3369 431 560 433 562 3375 3377 3379 567 440 568 442 443 444 569 446 447 448 449 450 570 1346 3447 3422 3423 3424 3425 482 3298 484 3300 3301 3302 3303 3304 3426 3427 492 3433 494 495 496 497 498 499 500 501 3314 3443 3445 3446 3322 3324 3326
293 2.9984 -13.2154 8.70933 0.661378 0.67947 -0.227619 -0.221559 3354 3355 3357 3358 3365 3367 3368 3369 3375 3377 3378 3379 4281 3422 3423 3300 3303 3304 3433 3435 3436 3437 3311 3314 3322 3324 3325 3326
299 3.01818 -12.2616 8.69477 0.66911 0.67005 -0.227454 -0.227135 3474 3353 3354 3358 3365 3367 3368 3369 3375 3377 3378 3379 4281 3420 3422 3423 3426 3427 3433 3435 3436 3437 3443 3445 3446 3447 3324 3326
88 1.88747 -9.76108 9.06619 0.691428 0.693185 -0.144096 -0.143731 3562 3472 3473 3474 3475 3476 3477 3478 3479 3485 3487 3488 3489 3495 3497 3498 3499 3631 3632 564 565 566 567 568 569 570 4281 1346 1093 3576 1105 1106 1107 1108 602 3421 3422 3423 3424 3425 3426 3427 612 615 3560 617 618 619 620 621 622 3433 3435 3436 3437 3443 3445 3446 3447 3573 3561
96 0.500093 -8.70682 9.7983 0.638356 0.767961 -0.0402343 -0.0334442 3585 3587 3588 3589 550 552 560 562 563 564 566 567 568 569 570 1093 1095 1102 1104 1105 1106 1107 1108 1109 1110 1111 1112 602 604 612 614 615 616 617 618 619 620 621 622 3421 3423 3424 3425 3426 3427 3437 3443 3445 3446 3447 3472 3473 3474 3475 3476 3477 3478 3479 3485 3487 3488 3489 3495 3497 3499 3560 3561 3562 3563 3564 3565 3566 3567 3573 3575 3576 3577
99 -0.968853 -8.2656 9.31311 0.677207 -0.676601 0.204361 -0.204545 3585 3587 3598 3472 3473 3474 3475 3476 3477 3478 3479 3600 3485 3613 3487 3615 3495 3497 568 570 3575 1093 1095 1102 1105 1106 1107 1108 1109 1110 1111 1112 602 604 3425 3426 3427 612 614 615 616 617 618 619 620 621 622 3560 3561 3562 3563 3443 3564 3445 3565 3566 3567 3573
98 0.494293 -8.26487 9.79944 0.70709 0.70532 -0.0356397 -0.0357291 3585 3587 3589 3564 3598 3472 3473 3474 3475 3476 3477 3478 3479 3565 3566 3485 3613 3487 3488 3616 3495 3497 3498 560 562 567 568 569 570 3600 3575 1093 1095 3576 3577 1102 1104 1105 1106 1107 1108 1109 1110 1111 1112 602 604 3424 3425 3426 3427 612 614 615 616 617 618 619 620 621 622 1128 3560 3561 3562 3443 3563 1141 3445 1143 3567 3573
97 1.90594 -8.26501 9.05809 0.692076 0.691563 -0.146185 -0.146293 3585 3587 3588 3589 3598 3472 3473 3474 3475 3476 3477 3478 3479 3566 3485 3487 3488 3489 3495 3497 3498 3499 3631 3632 567 568 569 570 3639 3640 3641 3642 3447 3647 3649 3575 3653 1095 3576 3577 1105 1107 1108 1109 1110 1111 1112 3425 3427 614 615 616 617 618 619 620 621 622 3560 3561 3562 3563 3564 3565 1141 3445 1143 3567 3573
256 4.56024 -9.78813 6.19335 0.570898 0.566138 -0.41869 -0.42221 3456 3457 3458 3459 3460 3461 3466 3467 3468 3469 3470 3471 3346 3349 3350 3480 3481 3482 3483 3485 3487 3488 3489 3490 3491 3492 3493 3495 3497 3498 3499 4281 3575 3576 3404 3405 3406 3407 3408 3409 3414 3415 3416 3417 3418 3419 3547 3548 3549 3550 3551 3552 3553 3554 3428 3429 3430 3431 3433 3435 3436 3437 3438 3439 3440 3441 3568 3443 3569 3445 3446 3447 3570 3573
262 4.5643 -9.21981 6.17917 0.563091 0.571842 -0.425097 -0.418591 3456 3457 3458 3459 3460 3461 3585 3466 3467 3468 3469 3470 3471 3480 3481 3482 3483 3485 3487 3488 3489 3490 3491 3492 3493 3495 3497 3498 3499 4281 3575 3576 3404 3405 3406 3407 3408 3409 3577 3414 3415 3416 3417 3418 3419 3547 3548 3550 3551 3552 3553 3554 3556 3557 3430 3431 3433 3435 3437 3438 3439 3440 3441 3568 3443 3569 3445 3446 3447 3570 3571 3573 3580
264 4.55956 -8.79846 6.19522 0.572055 0.565245 -0.417744 -0.422778 3456 3457 3458 3459 3460 3461 3585 3587 3588 3466 3467 3468 3469 3470 3471 3480 3481 3482 3483 3485 3487 3488 3489 3490 3491 3492 3493 3495 3497 3498 3499 3630 3631 4281 3575 3576 3405 3577 3408 3409 3414 3415 3416 3417 3418 3419 3547 3548 3550 3551 3552 3553 3554 3557 3559 3438 3439 3440 3441 3568 3443 3569 3445 3446 3447 3570 3571 3573 3580 3581 3582
265 4.66778 -8.2988 3.93674 -0.470157 -0.464709 0.527464 0.533647 3456 3457 3458 3459 3460 3461 3462 3588 3464 3589 3466 3467 3468 3469 3470 3471 3591 3480 3481 3482 3483 3608 3609 3488 3489 3490 3491 3492 3493 3498 3499 3627 3628 3631 3632 3512 3386 3387 3391 3395 3410 3538 3412 3415 3418 3419 3547 3548 3550 3551 3552 3553 3554 3580 3557 3582 3559 3439 3440 3441 3568 3569 3570 3571 3446 3447 3576 3577 3452 3581 3454 3583
258 4.67041 -9.24494 3.95691 -0.467724 -0.470744 0.530677 0.527273 3456 3457 3458 3459 3460 3461 3462 3588 3464 3466 3467 3468 3469 3470 3471 3480 3481 3482 3483 3488 3489 3490 3491 3492 3493 3498 3499 3512 3513 3395 3400 3402 3405 3408 3409 3410 3412 3414 3415 3416 3417 3418 3419 3547 3548 3550 3551 3552 3553 3554 3580 3429 3430 3431 3436 3437 3438 3439 3440 3441 3568 3569 3570 3571 3446 3447 3576 3577 3452 3581 3454
251 4.67596 -9.75544 3.50608 -0.472893 -0.47427 0.525853 0.524327 3269 3271 3272 3343 3372 3373 3379 3382 3383 3386 3387 3390 3391 3394 3395 3400 3402 3404 3405 3406 3407 3408 3409 3410 3412 3414 3415 3416 3417 3418 3419 3428 3429 3430 3431 3436 3437 3438 3439 3440 3441 3446 3447 3452 3454 3456 3457 3458 3459 3460 3461 3462 3464 3466 3467 3468 3469 3470 3471 3480 3481 3482 3483 3488 3489 3490 3491 3492 3493 3498 3499 3512 3547 3548 3551 3552 3554 3568 3569 3570 3571 3576 3577
247 4.68181 -10.7754 5.06013 0.521028 0.519067 -0.478209 -0.480016 3456 3457 3458 3459 3460 3461 3466 3467 3468 3469 3470 3471 3345 3346 3347 3348 3349 3350 3480 3481 3482 3483 3488 3489 3490 3491 3370 3371 3372 3373 3498 3378 3379 3510 3404 3405 3406 3407 3408 3409 3414 3415 3416 3417 3418 3419 3428 3429 3430 3431 3436 3437 3438 3439 3440 3441 3446 3447
218 4.50059 -14.2763 2.76067 -0.403567 -0.401818 0.579975 0.582499 3154 3155 3220 3222 3225 3227 3228 3229 3248 3249 3250 3251 3258 3259 3262 3263 3266 3267 3269 3271 3272 3277 3279 3281 3282 3283 3284 3285 3286 3287 3289 3291 3292 3293 3294 3295 3296 3307 3308 3309 3310 3313 3317 3318 3319 3320 3331 3333 3335 3336 3337 3338 3339 3340 3341 3343 3345 3346 3347 3348 3349 3350 3360 3361 3362 3363 3370 3371 3372 3373 3382 3400 3406 3407 3428 3429 3431 3437
154 4.68687 -17.7302 4.1446 -0.482858 -0.488358 0.516884 0.511063 3200 3201 3202 3203 3210 3212 3214 3215 3216 3217 3218 3219 3220 3222 3224 3225 3226 3227 3228 3229 3109 3240 3241 3242 3243 3248 3249 3250 3251 3254 3255 3277 3279 3025 3026 3281 3283 3284 3160 3162 3164 3036 3165 3166 3168 3169 3170 3167 3172 3174 3175 3176 3177 3178 3179 3307 3308 3310 3313 3314 3190 3191 3192 3193
138 4.68534 -20.2695 4.11672 -0.48365 -0.482785 0.515774 0.516699 3200 3201 3202 3203 3210 3089 3090 3217 3097 3099 3101 3102 3103 3104 3105 3106 3107 3109 3111 3112 3113 3114 3115 3116 3240 3241 3126 3127 3128 3129 3191 3132 3133 3134 3135 3192 3014 3016 3027 3032 3160 3034 3162 3036 3164 3165 3166 3167 3168 3169 3170 3172 3174 3175 3176 3177 3178 3179 3055 3057 3060 3190 3063 3064 3193
120 4.66285 -23.0173 3.98418 -0.491267 -0.451183 0.503963 0.548736 2946 3080 3081 3082 3083 3087 3088 3089 3090 3097 3099 3101 3102 2975 3103 3104 2978 2979 2980 2981 2982 3105 3106 3107 3109 3111 2988 3112 3113 3114 3115 3116 3126 3127 3128 3129 3003 3132 3133 3134 3135 3010 3014 3016 3027 3032 3160 3034 3045 3047 3049 3051 3052 3053 3054 3055 3057 3059 3060 3061 3062 3063 3064
110 4.63826 -24.8269 4.3605 -0.549033 -0.454083 0.447207 0.540719 2952 2953 3080 3081 3082 3083 2959 3087 3088 3089 3090 2973 2974 2975 2976 2977 2978 2979 2980 2981 2982 2983 2984 2985 2988 2992 2994 3126 3127 3003 3004 3005 3014 3016 3019 3021 3025 3027 3032 3034 3049 3051 3052 3053 3054 3101 3059 3060 3061 3062 3063 3064 3103
105 4.68454 -24.9466 4.41833 -0.523812 -0.492838 0.476102 0.506023 3078 2952 2953 2954 2955 3080 3081 3082 2959 2960 2961 3083 3084 3087 3088 3089 3090 2973 2974 2975 2976 2977 2978 2979 2980 2981 2982 2983 2984 2985 2988 2992 2994 3003 3004 3005 3007 3014 3016 3019 3023 3025 3027 3032 3034 3049 3051 3052 3053 3054 3059 3060 3061 3062 3063 3064
101 3.76081 -26.9178 5.34892 0.688414 0.44548 -0.310971 -0.480553 2947 2948 2952 2953 2954 2955 3082 2957 3083 2959 2960 2961 2973 2974 2975 2976 2977 2978 2979 2980 2981 2982 2983 2984 2985 2986 2987 2988 2992 2994 3001 3002 3003 3004 3005 3006 3007 3068
10 2.37211 -27.2153 6.85406 0.81543 0.302704 -0.171711 -0.462558 2948 6 3082 3083 2957 2958 2959 2961 18 19 152 2977 2988 2990 2991 2992 2993 2994 2999 3001 3003 3005 66 3068
11 2.61511 -26.4498 6.88304 0.794748 0.360225 -0.20166 -0.444913 3082 3083 2956 2957 2958 2959 2961 18 152 2977 2988 2992 2993 2994 2996 3001 3003 3005 3068
159 3.08107 -25.1352 7.97626 0.781171 0.500028 -0.201533 -0.314846 3073 3074 2948 3080 3082 3083 3084 2957 2959 3088 2961 18 2977 2989 2991 2992 2994 2997 3001 3002 3003 3005 3007
160 3.18542 -24.4557 7.94721 0.75359 0.536205 -0.220448 -0.309821 3074 3076 3080 3082 3083 3084 2957 2959 3088 2961 18 3090 3091 2977 3119 2992 2994 2997 2998 3127 3001 3002 3003 3005 3007
167 3.47649 -22.6005 7.72977 0.685025 0.591536 -0.277922 -0.321846 3074 3076 3078 3079 3080 3082 3083 3084 3085 3086 3088 3090 3091 3092 3119 3125 3127 3002 3130 3007 3137 3139
174 3.05066 -21.302 8.66919 0.674765 0.661138 -0.229558 -0.23429 3074 3075 3076 3082 3083 3084 3088 3090 3091 3092 3119 3120 3127 3130 3137 3139 3197 3182 3183 3186 3195 3069
20 1.60016 -24.4444 9.09182 0.877515 0.439108 -0.0862541 -0.17237 3072 3074 3076 3130 3080 137 3082 3083 3084 2957 3131 3088 18 3090 148 3091 150 3092 152 154 156 157 158 2977 3117 2991 2992 3120 2994 2999 56 3000 3001 59 3002 3003 3005 191 64 65 66 67 3007 203 205 207 3127 3066 3068 3069 3071
4 1.12439 -27.8653 6.74228 0.886543 0.187888 -0.0876539 -0.41359 2948 6 3082 3083 2957 2958 2959 16 2961 18 19 2967 152 2969 2977 43 2988 45 2989 2992 2994 54 2999 57 3001 3003 3005 64 66 3068
0 0.915603 -28.6844 6.50308 0.914847 0.166675 -0.0659232 -0.36184 2948 6 3082 2957 2959 2960 2961 18 2976 2977 2988 2989 2992 2994 54 2999 57 3001 3003 3005
