0 1.6503 -29.8902 5.79078 0.845334 0.191523 -0.110201 -0.486401 0 1 3 5 133 7 8 137 10 139 140 12 142 134 144 146 149 135 206 108 109 110 111 112 114 116 117 122 123
17 4.14593 -23.0458 6.67007 0.658592 0.545352 -0.330694 -0.399361 256 258 259 133 146 149 180 181 183 189 190 191 196 200 202 205 206 207 208 209 210 211 212 213 214 215 216 221 222 223 224 229 230 231 124 241 242 243 244 246 248 249 250 251 252
33 4.3133 -18.5777 6.40828 0.589247 0.583359 -0.393282 -0.397251 256 258 260 266 267 268 269 270 271 276 277 278 279 288 289 290 291 293 295 296 297 298 299 300 301 303 305 306 307 310 311 312 313 314 315 318 319 320 321 322 323 332 333 334 335 337 339 340 341 344 345 346 347 220 349 351 352 229 230 231 232 251 253 254
11 4.48354 -22.8637 3.84456 -0.485825 -0.436892 0.506204 0.5629 128 259 260 132 262 133 264 149 151 152 153 154 155 167 168 169 170 171 296 174 175 176 177 178 179 180 181 182 183 184 185 186 187 188 189 190 191 205 206 207 208 211 212 213 214 217 218 219 220 221 222 223 224 225 226 227 228 229 230 231 232 126 107 241 242 243 244 249 250 251 252 253 254 127
13 1.63907 -24.3165 8.96411 0.861985 0.451449 -0.106987 -0.204277 3 6 135 136 8 9 139 140 141 142 143 144 14 146 16 17 149 18 19 20 21 22 23 27 29 10 11 12 192 193 13 194 196 197 198 200 202 206 208 209 210 212 214 215 216 233 235 112 246 249 250 123
11 4.48354 -22.8637 3.84456 -0.485825 -0.436892 0.506204 0.5629 128 259 260 132 262 133 264 149 151 152 153 154 155 167 168 169 170 171 296 174 175 176 177 178 179 180 181 182 183 184 185 186 187 188 189 190 191 205 206 207 208 211 212 213 214 217 218 219 220 221 222 223 224 225 226 227 228 229 230 231 232 126 107 241 242 243 244 249 250 251 252 253 254 127
22 1.54314 -20.5552 9.10777 0.698573 0.694812 -0.12057 -0.121223 256 258 259 260 285 286 20 21 22 23 24 25 282 283 280 26 281 27 28 29 30 31 32 37 38 39 40 41 42 43 44 45 46 47 33 34 297 303 306 287 307 293 197 198 202 295 208 296 212 215 233 234 235 236 237 238 239 240 284 246 248 249 250
38 1.60817 -16.5735 9.08355 0.702869 0.687537 -0.127543 -0.130387 385 386 387 306 307 393 396 397 284 285 287 36 43 44 45 46 47 49 50 51 52 53 54 55 56 57 58 59 60 63 64 65 66 67 324 325 326 327 328 329 330 331 68 69 70 71 337 339 340 341 349 351 352 353 370 371 372 373 374 375 376 377 305 383
35 4.52516 -17.6366 4.09356 -0.490907 -0.476875 0.508029 0.522978 386 387 264 265 267 269 270 271 272 273 274 275 276 277 278 279 288 289 290 291 296 297 298 299 300 301 306 307 308 309 310 311 312 313 314 315 316 317 318 319 320 321 322 323 332 333 334 335 340 341 344 345 346 347 352 353 354 355 356 357 358 359 360 361 378 379 380 381
30 1.58674 -18.5598 9.09177 0.699038 0.692422 -0.125688 -0.126888 258 259 260 306 307 24 280 282 281 283 284 285 31 32 33 34 35 286 37 38 39 40 41 42 43 44 45 46 295 48 296 297 51 52 53 54 55 56 57 58 59 287 293 324 325 326 327 328 329 330 331 337 339 340 341 349 352 353 237 238 240 303 305
46 1.6804 -14.5789 9.05467 0.702244 0.684669 -0.136228 -0.139725 385 386 387 393 395 396 397 414 415 416 417 418 419 420 426 428 429 430 436 439 440 55 56 59 60 57 58 63 64 65 66 67 68 69 70 71 328 73 74 75 76 77 78 79 80 81 331 351 352 353 376 72 370 371 372 373 374 375 329 377 383
64 3.61876 -11.612 8.43799 0.66511 0.645576 -0.261403 -0.269313 513 514 515 516 517 518 394 523 425 426 427 428 429 430 435 436 437 438 439 440 82 83 470 471 472 473 474 479 480 481 482 483 484
51 4.52866 -13.6427 4.16529 -0.497614 -0.482427 0.501769 0.517564 386 387 388 389 390 391 396 397 398 399 400 401 402 403 404 405 406 407 408 409 410 411 412 413 421 422 423 424 429 430 431 432 433 434 439 440 443 444 445 446 447 448 449 465 466 467 468 473 474 354 355 357 359 360 361 364 365 366 367 368 369 378 379 380 381
71 4.31295 -9.64763 6.40524 0.596313 0.575695 -0.388573 -0.402489 512 514 516 517 518 519 520 521 522 524 526 527 528 532 534 535 536 537 538 539 550 551 552 553 555 557 558 571 445 446 447 448 451 453 454 455 456 465 82 83 467 468 470 472 474 475 476 477 478 480 482 483 484 487 489 490 491 492 495 497 498 499 500 509 510 511
54 1.70355 -12.5598 9.0451 0.695901 0.689961 -0.140242 -0.141449 395 396 397 462 463 414 415 416 417 418 419 420 426 428 429 430 436 438 439 440 61 62 67 68 69 70 72 458 75 76 77 78 79 459 81 82 83 460 461 342 343 86 87 473 91 92 93 94 470 480 472 474 483 484 99 374 375 377
52 4.51676 -12.6171 3.98457 -0.479787 -0.469085 0.518346 0.530171 388 389 390 391 396 397 398 399 400 401 402 403 404 405 406 407 408 409 410 411 412 413 421 422 423 424 429 430 431 432 433 434 439 440 441 442 443 444 445 446 447 448 449 450 451 452 453 454 455 456 465 466 467 468 473 474 475 476 477 478 483 484 362 363 365 366 367 368 369
73 4.29964 -8.63671 6.43855 0.597625 0.579145 -0.385863 -0.398176 512 514 516 517 518 519 520 521 522 524 526 527 528 532 535 536 537 538 539 540 541 542 550 551 552 553 555 557 558 559 560 561 562 563 565 567 568 570 571 444 575 576 453 454 455 456 475 477 478 482 484 487 488 489 490 491 492 497 498 499 500 509 510 511
70 1.6935 -8.54616 9.04936 0.692115 0.69427 -0.139799 -0.139365 514 516 517 518 524 526 527 528 147 150 157 158 543 544 545 546 547 548 549 161 162 159 160 163 555 164 557 165 559 558 565 568 569 574 579 166 580 461 462 464 86 87 91 92 93 94 95 96 482 483 100 101 102 103 104 105 106 484 99 501 502 503 504 505 506 507 508
67 4.51961 -9.63279 4.01898 -0.484065 -0.470799 0.514255 0.528745 512 517 518 519 520 521 522 527 528 529 531 532 533 534 535 536 537 538 550 551 552 553 558 559 441 442 444 446 447 448 449 450 451 452 453 454 455 456 465 466 467 468 473 474 475 476 477 478 483 484 485 486 487 488 489 490 491 492 493 494 495 496 497 498 499 500 509 510 511
62 1.69598 -10.5851 9.0481 0.703562 0.682513 -0.137818 -0.142068 514 516 517 518 524 527 528 157 420 438 439 440 470 458 459 460 461 462 463 464 474 82 83 84 85 342 343 88 473 90 91 92 93 94 95 480 472 482 483 100 101 102 103 104 105 106 484 97 98 99 501 502 503 504 505 506 507 508
74 3.59351 -8.63033 8.46156 0.669617 0.643956 -0.256501 -0.266723 513 514 515 516 517 518 524 525 526 527 528 554 555 556 557 558 559 564 565 566 567 568 569 571 574 575 576 577 578 579 479 480 481 482 483 484
68 4.52304 -8.60784 4.0534 -0.485114 -0.475786 0.513733 0.523805 512 517 518 519 520 521 522 527 528 529 530 531 532 534 535 536 537 538 540 542 550 551 552 553 558 559 560 561 562 563 568 569 571 572 573 575 449 450 452 453 454 455 456 475 476 477 478 483 484 485 486 487 488 489 490 491 492 493 494 495 496 497 498 499 500 509 510 511
68 4.52304 -8.60784 4.0534 -0.485114 -0.475786 0.513733 0.523805 512 517 518 519 520 521 522 527 528 529 530 531 532 534 535 536 537 538 540 542 550 551 552 553 558 559 560 561 562 563 568 569 571 572 573 575 449 450 452 453 454 455 456 475 476 477 478 483 484 485 486 487 488 489 490 491 492 493 494 495 496 497 498 499 500 509 510 511
69 1.70613 -9.55575 9.04402 0.694635 0.691105 -0.140806 -0.141525 514 516 517 518 524 526 527 528 147 150 157 158 543 544 545 159 160 555 558 559 574 576 457 458 460 461 462 463 464 474 84 85 87 88 89 90 91 92 93 94 473 480 472 482 483 100 101 102 103 104 105 106 484 97 99 501 502 503 504 505 506 507 508
60 4.52234 -10.6272 4.04994 -0.486347 -0.473917 0.512309 0.525746 512 517 518 519 520 521 522 527 528 406 407 409 410 411 412 413 431 432 433 434 439 440 441 442 443 444 445 446 447 448 449 450 451 452 453 454 455 456 465 466 467 468 473 474 475 476 477 478 483 484 485 486 487 488 489 490 491 492 493 494 495 496 497 498 499 500 509 510 511
61 1.66786 -11.5247 9.05987 0.686117 0.701448 -0.137907 -0.134892 514 517 518 474 414 415 416 417 418 419 420 464 428 429 430 436 438 439 440 470 68 71 72 472 458 75 76 77 78 459 460 461 82 83 462 463 342 343 86 87 88 90 91 92 93 94 480 473 482 483 100 101 102 484 97 99 501 502 503
